#epsilon= 2.597845e-02  dim= 3
0 -7.663741e+00 17178
1 -7.664307e+00 17178
2 -7.664864e+00 17178
3 -7.665413e+00 17178
4 -7.665953e+00 17178
5 -7.666483e+00 17178
6 -7.667004e+00 17178
7 -7.667516e+00 17178
8 -7.668018e+00 17178
9 -7.668510e+00 17178
10 -7.668992e+00 17178
11 -7.669464e+00 17178
12 -7.669927e+00 17178
13 -7.670380e+00 17178
14 -7.670824e+00 17178
15 -7.671258e+00 17178
16 -7.671683e+00 17178
17 -7.672098e+00 17178
18 -7.672505e+00 17178
19 -7.672903e+00 17178
20 -7.673291e+00 17178
21 -7.673671e+00 17178
22 -7.674043e+00 17178
23 -7.674406e+00 17178
24 -7.674761e+00 17178
25 -7.675108e+00 17178
26 -7.675447e+00 17178
27 -7.675779e+00 17178
28 -7.676102e+00 17178
29 -7.676419e+00 17178
30 -7.676728e+00 17178
31 -7.677030e+00 17178
32 -7.677325e+00 17178
33 -7.677613e+00 17178
34 -7.677895e+00 17178
35 -7.678170e+00 17178
36 -7.678439e+00 17178
37 -7.678702e+00 17178
38 -7.678959e+00 17178
39 -7.679211e+00 17178
40 -7.679457e+00 17178
41 -7.679698e+00 17178
42 -7.679933e+00 17178
43 -7.680164e+00 17178
44 -7.680390e+00 17178
45 -7.680612e+00 17178
46 -7.680829e+00 17178
47 -7.681042e+00 17178
48 -7.681251e+00 17178
49 -7.681456e+00 17178
50 -7.681658e+00 17178
51 -7.681856e+00 17178
52 -7.682051e+00 17178
53 -7.682244e+00 17178
54 -7.682433e+00 17178
55 -7.682620e+00 17178
56 -7.682805e+00 17178
57 -7.682987e+00 17178
58 -7.683168e+00 17178
59 -7.683346e+00 17178
60 -7.683523e+00 17178
61 -7.683699e+00 17178
62 -7.683874e+00 17178
63 -7.684048e+00 17178
64 -7.684221e+00 17178
65 -7.684393e+00 17178
66 -7.684565e+00 17178
67 -7.684737e+00 17178
68 -7.684909e+00 17178
69 -7.685081e+00 17178
70 -7.685254e+00 17178
71 -7.685427e+00 17178
72 -7.685601e+00 17178
73 -7.685776e+00 17178
74 -7.685952e+00 17178
75 -7.686130e+00 17178
76 -7.686309e+00 17178
77 -7.686490e+00 17178
78 -7.686673e+00 17178
79 -7.686858e+00 17178
80 -7.687045e+00 17178
81 -7.687235e+00 17178
82 -7.687427e+00 17178
83 -7.687622e+00 17178
84 -7.687820e+00 17178
85 -7.688022e+00 17178
86 -7.688226e+00 17178
87 -7.688434e+00 17178
88 -7.688646e+00 17178
89 -7.688862e+00 17178
90 -7.689081e+00 17178
91 -7.689305e+00 17178
92 -7.689533e+00 17178
93 -7.689766e+00 17178
94 -7.690003e+00 17178
95 -7.690244e+00 17178
96 -7.690491e+00 17178
97 -7.690742e+00 17178
98 -7.690999e+00 17178
99 -7.691261e+00 17178
100 -7.691529e+00 17178
101 -7.691802e+00 17178
102 -7.692080e+00 17178
103 -7.692365e+00 17178
104 -7.692655e+00 17178
105 -7.692952e+00 17178
106 -7.693254e+00 17178
107 -7.693563e+00 17178
108 -7.693878e+00 17178
109 -7.694200e+00 17178
110 -7.694528e+00 17178
111 -7.694863e+00 17178
112 -7.695205e+00 17178
113 -7.695553e+00 17178
114 -7.695909e+00 17178
115 -7.696271e+00 17178
116 -7.696641e+00 17178
117 -7.697018e+00 17178
118 -7.697402e+00 17178
119 -7.697794e+00 17178
120 -7.698193e+00 17178
121 -7.698600e+00 17178
122 -7.699014e+00 17178
123 -7.699436e+00 17178
124 -7.699865e+00 17178
125 -7.700303e+00 17178
126 -7.700748e+00 17178
127 -7.701201e+00 17178
128 -7.701662e+00 17178
129 -7.702131e+00 17178
130 -7.702607e+00 17178
131 -7.703092e+00 17178
132 -7.703585e+00 17178
133 -7.704087e+00 17178
134 -7.704596e+00 17178
135 -7.705113e+00 17178
136 -7.705639e+00 17178
137 -7.706173e+00 17178
138 -7.706715e+00 17178
139 -7.707265e+00 17178
140 -7.707823e+00 17178
141 -7.708390e+00 17178
142 -7.708965e+00 17178
143 -7.709548e+00 17178
144 -7.710140e+00 17178
145 -7.710739e+00 17178
146 -7.711347e+00 17178
147 -7.711963e+00 17178
148 -7.712588e+00 17178
149 -7.713220e+00 17178
150 -7.713860e+00 17178
151 -7.714509e+00 17178
152 -7.715166e+00 17178
153 -7.715830e+00 17178
154 -7.716503e+00 17178
155 -7.717183e+00 17178
156 -7.717872e+00 17178
157 -7.718568e+00 17178
158 -7.719272e+00 17178
159 -7.719984e+00 17178
160 -7.720703e+00 17178
161 -7.721430e+00 17178
162 -7.722165e+00 17178
163 -7.722907e+00 17178
164 -7.723656e+00 17178
165 -7.724413e+00 17178
166 -7.725177e+00 17178
167 -7.725948e+00 17178
168 -7.726726e+00 17178
169 -7.727512e+00 17178
170 -7.728304e+00 17178
171 -7.729103e+00 17178
172 -7.729909e+00 17178
173 -7.730722e+00 17178
174 -7.731542e+00 17178
175 -7.732368e+00 17178
176 -7.733200e+00 17178
177 -7.734039e+00 17178
178 -7.734884e+00 17178
179 -7.735735e+00 17178
180 -7.736593e+00 17178
181 -7.737456e+00 17178
182 -7.738325e+00 17178
183 -7.739200e+00 17178
184 -7.740081e+00 17178
185 -7.740967e+00 17178
186 -7.741859e+00 17178
187 -7.742755e+00 17178
188 -7.743657e+00 17178
189 -7.744564e+00 17178
190 -7.745476e+00 17178
191 -7.746393e+00 17178
192 -7.747314e+00 17178
193 -7.748240e+00 17178
194 -7.749170e+00 17178
195 -7.750104e+00 17178
196 -7.751042e+00 17178
197 -7.751985e+00 17178
198 -7.752930e+00 17178
199 -7.753880e+00 17178
200 -7.754832e+00 17178
201 -7.755788e+00 17178
202 -7.756747e+00 17178
203 -7.757709e+00 17178
204 -7.758674e+00 17178
205 -7.759641e+00 17178
206 -7.760610e+00 17178
207 -7.761582e+00 17178
208 -7.762555e+00 17178
209 -7.763531e+00 17178
210 -7.764508e+00 17178
211 -7.765486e+00 17178
212 -7.766465e+00 17178
213 -7.767446e+00 17178
214 -7.768427e+00 17178
215 -7.769409e+00 17178
216 -7.770392e+00 17178
217 -7.771375e+00 17178
218 -7.772357e+00 17178
219 -7.773340e+00 17178
220 -7.774322e+00 17178
221 -7.775304e+00 17178
222 -7.776285e+00 17178
223 -7.777265e+00 17178
224 -7.778244e+00 17178
225 -7.779221e+00 17178
226 -7.780197e+00 17178
227 -7.781172e+00 17178
228 -7.782144e+00 17178
229 -7.783114e+00 17178
230 -7.784082e+00 17178
231 -7.785047e+00 17178
232 -7.786010e+00 17178
233 -7.786970e+00 17178
234 -7.787927e+00 17178
235 -7.788880e+00 17178
236 -7.789831e+00 17178
237 -7.790777e+00 17178
238 -7.791720e+00 17178
239 -7.792659e+00 17178
240 -7.793594e+00 17178
241 -7.794525e+00 17178
242 -7.795451e+00 17178
243 -7.796373e+00 17178
244 -7.797290e+00 17178
245 -7.798202e+00 17178
246 -7.799109e+00 17178
247 -7.800012e+00 17178
248 -7.800909e+00 17178
249 -7.801800e+00 17178
250 -7.802686e+00 17178
251 -7.803567e+00 17178
252 -7.804442e+00 17178
253 -7.805311e+00 17178
254 -7.806174e+00 17178
255 -7.807030e+00 17178
256 -7.807881e+00 17178
257 -7.808726e+00 17178
258 -7.809564e+00 17178
259 -7.810396e+00 17178
260 -7.811221e+00 17178
261 -7.812039e+00 17178
262 -7.812851e+00 17178
263 -7.813656e+00 17178
264 -7.814455e+00 17178
265 -7.815246e+00 17178
266 -7.816030e+00 17178
267 -7.816807e+00 17178
268 -7.817577e+00 17178
269 -7.818340e+00 17178
270 -7.819096e+00 17178
271 -7.819844e+00 17178
272 -7.820585e+00 17178
273 -7.821318e+00 17178
274 -7.822044e+00 17178
275 -7.822762e+00 17178
276 -7.823473e+00 17178
277 -7.824176e+00 17178
278 -7.824871e+00 17178
279 -7.825559e+00 17178
280 -7.826239e+00 17178
281 -7.826912e+00 17178
282 -7.827576e+00 17178
283 -7.828233e+00 17178
284 -7.828882e+00 17178
285 -7.829523e+00 17178
286 -7.830156e+00 17178
287 -7.830782e+00 17178
288 -7.831399e+00 17178
289 -7.832009e+00 17178
290 -7.832611e+00 17178
291 -7.833205e+00 17178
292 -7.833791e+00 17178
293 -7.834370e+00 17178
294 -7.834940e+00 17178
295 -7.835503e+00 17178
296 -7.836058e+00 17178
297 -7.836605e+00 17178
298 -7.837144e+00 17178
299 -7.837676e+00 17178
300 -7.838200e+00 17178
301 -7.838716e+00 17178
302 -7.839225e+00 17178
303 -7.839726e+00 17178
304 -7.840220e+00 17178
305 -7.840706e+00 17178
306 -7.841185e+00 17178
307 -7.841656e+00 17178
308 -7.842120e+00 17178
309 -7.842577e+00 17178
310 -7.843027e+00 17178
311 -7.843469e+00 17178
312 -7.843905e+00 17178
313 -7.844333e+00 17178
314 -7.844754e+00 17178
315 -7.845169e+00 17178
316 -7.845577e+00 17178
317 -7.845978e+00 17178
318 -7.846373e+00 17178
319 -7.846761e+00 17178
320 -7.847143e+00 17178
321 -7.847518e+00 17178
322 -7.847887e+00 17178
323 -7.848250e+00 17178
324 -7.848607e+00 17178
325 -7.848958e+00 17178
326 -7.849303e+00 17178
327 -7.849642e+00 17178
328 -7.849976e+00 17178
329 -7.850305e+00 17178
330 -7.850628e+00 17178
331 -7.850945e+00 17178
332 -7.851258e+00 17178
333 -7.851565e+00 17178
334 -7.851868e+00 17178
335 -7.852166e+00 17178
336 -7.852459e+00 17178
337 -7.852748e+00 17178
338 -7.853032e+00 17178
339 -7.853313e+00 17178
340 -7.853589e+00 17178
341 -7.853861e+00 17178
342 -7.854129e+00 17178
343 -7.854394e+00 17178
344 -7.854655e+00 17178
345 -7.854913e+00 17178
346 -7.855167e+00 17178
347 -7.855419e+00 17178
348 -7.855667e+00 17178
349 -7.855913e+00 17178
350 -7.856156e+00 17178
351 -7.856397e+00 17178
352 -7.856636e+00 17178
353 -7.856872e+00 17178
354 -7.857107e+00 17178
355 -7.857339e+00 17178
356 -7.857570e+00 17178
357 -7.857800e+00 17178
358 -7.858028e+00 17178
359 -7.858255e+00 17178
360 -7.858481e+00 17178
361 -7.858707e+00 17178
362 -7.858931e+00 17178
363 -7.859156e+00 17178
364 -7.859380e+00 17178
365 -7.859604e+00 17178
366 -7.859827e+00 17178
367 -7.860052e+00 17178
368 -7.860276e+00 17178
369 -7.860501e+00 17178
370 -7.860727e+00 17178
371 -7.860953e+00 17178
372 -7.861181e+00 17178
373 -7.861409e+00 17178
374 -7.861640e+00 17178
375 -7.861871e+00 17178
376 -7.862104e+00 17178
377 -7.862339e+00 17178
378 -7.862577e+00 17178
379 -7.862816e+00 17178
380 -7.863057e+00 17178
381 -7.863301e+00 17178
382 -7.863548e+00 17178
383 -7.863797e+00 17178
384 -7.864049e+00 17178
385 -7.864304e+00 17178
386 -7.864562e+00 17178
387 -7.864824e+00 17178
388 -7.865089e+00 17178
389 -7.865357e+00 17178
390 -7.865629e+00 17178
391 -7.865905e+00 17178
392 -7.866185e+00 17178
393 -7.866469e+00 17178
394 -7.866757e+00 17178
395 -7.867050e+00 17178
396 -7.867347e+00 17178
397 -7.867648e+00 17178
398 -7.867954e+00 17178
399 -7.868265e+00 17178
400 -7.868581e+00 17178
401 -7.868902e+00 17178
402 -7.869228e+00 17178
403 -7.869559e+00 17178
404 -7.869895e+00 17178
405 -7.870237e+00 17178
406 -7.870584e+00 17178
407 -7.870937e+00 17178
408 -7.871295e+00 17178
409 -7.871659e+00 17178
410 -7.872030e+00 17178
411 -7.872406e+00 17178
412 -7.872788e+00 17178
413 -7.873176e+00 17178
414 -7.873571e+00 17178
415 -7.873972e+00 17178
416 -7.874379e+00 17178
417 -7.874793e+00 17178
418 -7.875213e+00 17178
419 -7.875640e+00 17178
420 -7.876073e+00 17178
421 -7.876514e+00 17178
422 -7.876961e+00 17178
423 -7.877416e+00 17178
424 -7.877877e+00 17178
425 -7.878345e+00 17178
426 -7.878821e+00 17178
427 -7.879304e+00 17178
428 -7.879794e+00 17178
429 -7.880291e+00 17178
430 -7.880796e+00 17178
431 -7.881308e+00 17178
432 -7.881828e+00 17178
433 -7.882355e+00 17178
434 -7.882890e+00 17178
435 -7.883433e+00 17178
436 -7.883983e+00 17178
437 -7.884541e+00 17178
438 -7.885107e+00 17178
439 -7.885681e+00 17178
440 -7.886262e+00 17178
441 -7.886851e+00 17178
442 -7.887449e+00 17178
443 -7.888054e+00 17178
444 -7.888667e+00 17178
445 -7.889288e+00 17178
446 -7.889917e+00 17178
447 -7.890554e+00 17178
448 -7.891199e+00 17178
449 -7.891851e+00 17178
450 -7.892512e+00 17178
451 -7.893181e+00 17178
452 -7.893857e+00 17178
453 -7.894542e+00 17178
454 -7.895234e+00 17178
455 -7.895935e+00 17178
456 -7.896643e+00 17178
457 -7.897359e+00 17178
458 -7.898083e+00 17178
459 -7.898814e+00 17178
460 -7.899553e+00 17178
461 -7.900300e+00 17178
462 -7.901054e+00 17178
463 -7.901816e+00 17178
464 -7.902586e+00 17178
465 -7.903362e+00 17178
466 -7.904147e+00 17178
467 -7.904938e+00 17178
468 -7.905737e+00 17178
469 -7.906543e+00 17178
470 -7.907356e+00 17178
471 -7.908176e+00 17178
472 -7.909002e+00 17178
473 -7.909836e+00 17178
474 -7.910676e+00 17178
475 -7.911524e+00 17178
476 -7.912377e+00 17178
477 -7.913237e+00 17178
478 -7.914104e+00 17178
479 -7.914976e+00 17178
480 -7.915855e+00 17178
481 -7.916740e+00 17178
482 -7.917631e+00 17178
483 -7.918527e+00 17178
484 -7.919429e+00 17178
485 -7.920337e+00 17178
486 -7.921250e+00 17178
487 -7.922168e+00 17178
488 -7.923092e+00 17178
489 -7.924021e+00 17178
490 -7.924954e+00 17178
491 -7.925892e+00 17178
492 -7.926835e+00 17178
493 -7.927782e+00 17178
494 -7.928734e+00 17178
495 -7.929690e+00 17178
496 -7.930650e+00 17178
497 -7.931614e+00 17178
498 -7.932581e+00 17178
499 -7.933552e+00 17178
500 -7.934526e+00 17178

#epsilon= 4.619694e-02  dim= 3
0 -7.129588e+00 18347
1 -7.130121e+00 18347
2 -7.130647e+00 18347
3 -7.131165e+00 18347
4 -7.131673e+00 18347
5 -7.132171e+00 18347
6 -7.132659e+00 18347
7 -7.133136e+00 18347
8 -7.133601e+00 18347
9 -7.134055e+00 18347
10 -7.134497e+00 18347
11 -7.134927e+00 18347
12 -7.135345e+00 18347
13 -7.135752e+00 18347
14 -7.136146e+00 18347
15 -7.136529e+00 18347
16 -7.136899e+00 18347
17 -7.137258e+00 18347
18 -7.137606e+00 18347
19 -7.137942e+00 18347
20 -7.138266e+00 18347
21 -7.138580e+00 18347
22 -7.138882e+00 18347
23 -7.139174e+00 18347
24 -7.139455e+00 18347
25 -7.139726e+00 18347
26 -7.139986e+00 18347
27 -7.140237e+00 18347
28 -7.140478e+00 18347
29 -7.140710e+00 18347
30 -7.140932e+00 18347
31 -7.141146e+00 18347
32 -7.141352e+00 18347
33 -7.141549e+00 18347
34 -7.141738e+00 18347
35 -7.141920e+00 18347
36 -7.142094e+00 18347
37 -7.142262e+00 18347
38 -7.142422e+00 18347
39 -7.142577e+00 18347
40 -7.142725e+00 18347
41 -7.142867e+00 18347
42 -7.143004e+00 18347
43 -7.143136e+00 18347
44 -7.143263e+00 18347
45 -7.143385e+00 18347
46 -7.143503e+00 18347
47 -7.143617e+00 18347
48 -7.143727e+00 18347
49 -7.143833e+00 18347
50 -7.143937e+00 18347
51 -7.144037e+00 18347
52 -7.144135e+00 18347
53 -7.144230e+00 18347
54 -7.144323e+00 18347
55 -7.144414e+00 18347
56 -7.144504e+00 18347
57 -7.144592e+00 18347
58 -7.144679e+00 18347
59 -7.144765e+00 18347
60 -7.144850e+00 18347
61 -7.144935e+00 18347
62 -7.145020e+00 18347
63 -7.145105e+00 18347
64 -7.145190e+00 18347
65 -7.145276e+00 18347
66 -7.145362e+00 18347
67 -7.145450e+00 18347
68 -7.145539e+00 18347
69 -7.145629e+00 18347
70 -7.145721e+00 18347
71 -7.145816e+00 18347
72 -7.145912e+00 18347
73 -7.146011e+00 18347
74 -7.146112e+00 18347
75 -7.146217e+00 18347
76 -7.146324e+00 18347
77 -7.146435e+00 18347
78 -7.146550e+00 18347
79 -7.146668e+00 18347
80 -7.146790e+00 18347
81 -7.146916e+00 18347
82 -7.147047e+00 18347
83 -7.147183e+00 18347
84 -7.147323e+00 18347
85 -7.147468e+00 18347
86 -7.147619e+00 18347
87 -7.147775e+00 18347
88 -7.147936e+00 18347
89 -7.148103e+00 18347
90 -7.148277e+00 18347
91 -7.148456e+00 18347
92 -7.148642e+00 18347
93 -7.148834e+00 18347
94 -7.149033e+00 18347
95 -7.149238e+00 18347
96 -7.149451e+00 18347
97 -7.149671e+00 18347
98 -7.149898e+00 18347
99 -7.150132e+00 18347
100 -7.150374e+00 18347
101 -7.150624e+00 18347
102 -7.150881e+00 18347
103 -7.151147e+00 18347
104 -7.151420e+00 18347
105 -7.151702e+00 18347
106 -7.151992e+00 18347
107 -7.152290e+00 18347
108 -7.152596e+00 18347
109 -7.152912e+00 18347
110 -7.153236e+00 18347
111 -7.153568e+00 18347
112 -7.153909e+00 18347
113 -7.154260e+00 18347
114 -7.154619e+00 18347
115 -7.154987e+00 18347
116 -7.155364e+00 18347
117 -7.155750e+00 18347
118 -7.156145e+00 18347
119 -7.156549e+00 18347
120 -7.156963e+00 18347
121 -7.157386e+00 18347
122 -7.157817e+00 18347
123 -7.158258e+00 18347
124 -7.158709e+00 18347
125 -7.159168e+00 18347
126 -7.159637e+00 18347
127 -7.160114e+00 18347
128 -7.160601e+00 18347
129 -7.161097e+00 18347
130 -7.161602e+00 18347
131 -7.162116e+00 18347
132 -7.162639e+00 18347
133 -7.163171e+00 18347
134 -7.163712e+00 18347
135 -7.164262e+00 18347
136 -7.164821e+00 18347
137 -7.165388e+00 18347
138 -7.165964e+00 18347
139 -7.166548e+00 18347
140 -7.167141e+00 18347
141 -7.167743e+00 18347
142 -7.168352e+00 18347
143 -7.168970e+00 18347
144 -7.169596e+00 18347
145 -7.170230e+00 18347
146 -7.170872e+00 18347
147 -7.171522e+00 18347
148 -7.172180e+00 18347
149 -7.172845e+00 18347
150 -7.173518e+00 18347
151 -7.174198e+00 18347
152 -7.174885e+00 18347
153 -7.175579e+00 18347
154 -7.176281e+00 18347
155 -7.176989e+00 18347
156 -7.177704e+00 18347
157 -7.178426e+00 18347
158 -7.179154e+00 18347
159 -7.179889e+00 18347
160 -7.180630e+00 18347
161 -7.181377e+00 18347
162 -7.182131e+00 18347
163 -7.182890e+00 18347
164 -7.183655e+00 18347
165 -7.184426e+00 18347
166 -7.185203e+00 18347
167 -7.185985e+00 18347
168 -7.186773e+00 18347
169 -7.187566e+00 18347
170 -7.188365e+00 18347
171 -7.189168e+00 18347
172 -7.189977e+00 18347
173 -7.190791e+00 18347
174 -7.191610e+00 18347
175 -7.192433e+00 18347
176 -7.193262e+00 18347
177 -7.194095e+00 18347
178 -7.194933e+00 18347
179 -7.195776e+00 18347
180 -7.196623e+00 18347
181 -7.197474e+00 18347
182 -7.198330e+00 18347
183 -7.199190e+00 18347
184 -7.200054e+00 18347
185 -7.200923e+00 18347
186 -7.201795e+00 18347
187 -7.202671e+00 18347
188 -7.203551e+00 18347
189 -7.204435e+00 18347
190 -7.205322e+00 18347
191 -7.206213e+00 18347
192 -7.207107e+00 18347
193 -7.208005e+00 18347
194 -7.208906e+00 18347
195 -7.209810e+00 18347
196 -7.210717e+00 18347
197 -7.211628e+00 18347
198 -7.212541e+00 18347
199 -7.213456e+00 18347
200 -7.214375e+00 18347
201 -7.215296e+00 18347
202 -7.216219e+00 18347
203 -7.217145e+00 18347
204 -7.218073e+00 18347
205 -7.219002e+00 18347
206 -7.219934e+00 18347
207 -7.220868e+00 18347
208 -7.221804e+00 18347
209 -7.222741e+00 18347
210 -7.223680e+00 18347
211 -7.224620e+00 18347
212 -7.225561e+00 18347
213 -7.226503e+00 18347
214 -7.227446e+00 18347
215 -7.228391e+00 18347
216 -7.229335e+00 18347
217 -7.230281e+00 18347
218 -7.231227e+00 18347
219 -7.232173e+00 18347
220 -7.233119e+00 18347
221 -7.234065e+00 18347
222 -7.235011e+00 18347
223 -7.235956e+00 18347
224 -7.236902e+00 18347
225 -7.237846e+00 18347
226 -7.238790e+00 18347
227 -7.239732e+00 18347
228 -7.240674e+00 18347
229 -7.241614e+00 18347
230 -7.242553e+00 18347
231 -7.243490e+00 18347
232 -7.244426e+00 18347
233 -7.245359e+00 18347
234 -7.246291e+00 18347
235 -7.247220e+00 18347
236 -7.248146e+00 18347
237 -7.249070e+00 18347
238 -7.249991e+00 18347
239 -7.250909e+00 18347
240 -7.251824e+00 18347
241 -7.252736e+00 18347
242 -7.253644e+00 18347
243 -7.254549e+00 18347
244 -7.255450e+00 18347
245 -7.256346e+00 18347
246 -7.257239e+00 18347
247 -7.258127e+00 18347
248 -7.259011e+00 18347
249 -7.259891e+00 18347
250 -7.260765e+00 18347
251 -7.261635e+00 18347
252 -7.262499e+00 18347
253 -7.263359e+00 18347
254 -7.264213e+00 18347
255 -7.265061e+00 18347
256 -7.265904e+00 18347
257 -7.266741e+00 18347
258 -7.267572e+00 18347
259 -7.268397e+00 18347
260 -7.269217e+00 18347
261 -7.270029e+00 18347
262 -7.270836e+00 18347
263 -7.271636e+00 18347
264 -7.272429e+00 18347
265 -7.273216e+00 18347
266 -7.273995e+00 18347
267 -7.274768e+00 18347
268 -7.275534e+00 18347
269 -7.276293e+00 18347
270 -7.277045e+00 18347
271 -7.277789e+00 18347
272 -7.278527e+00 18347
273 -7.279257e+00 18347
274 -7.279979e+00 18347
275 -7.280694e+00 18347
276 -7.281401e+00 18347
277 -7.282101e+00 18347
278 -7.282793e+00 18347
279 -7.283478e+00 18347
280 -7.284154e+00 18347
281 -7.284823e+00 18347
282 -7.285484e+00 18347
283 -7.286138e+00 18347
284 -7.286783e+00 18347
285 -7.287421e+00 18347
286 -7.288050e+00 18347
287 -7.288672e+00 18347
288 -7.289286e+00 18347
289 -7.289892e+00 18347
290 -7.290490e+00 18347
291 -7.291080e+00 18347
292 -7.291662e+00 18347
293 -7.292237e+00 18347
294 -7.292803e+00 18347
295 -7.293361e+00 18347
296 -7.293912e+00 18347
297 -7.294455e+00 18347
298 -7.294990e+00 18347
299 -7.295517e+00 18347
300 -7.296036e+00 18347
301 -7.296548e+00 18347
302 -7.297052e+00 18347
303 -7.297548e+00 18347
304 -7.298037e+00 18347
305 -7.298518e+00 18347
306 -7.298991e+00 18347
307 -7.299457e+00 18347
308 -7.299916e+00 18347
309 -7.300367e+00 18347
310 -7.300812e+00 18347
311 -7.301248e+00 18347
312 -7.301678e+00 18347
313 -7.302100e+00 18347
314 -7.302516e+00 18347
315 -7.302924e+00 18347
316 -7.303326e+00 18347
317 -7.303721e+00 18347
318 -7.304109e+00 18347
319 -7.304490e+00 18347
320 -7.304864e+00 18347
321 -7.305233e+00 18347
322 -7.305594e+00 18347
323 -7.305949e+00 18347
324 -7.306298e+00 18347
325 -7.306641e+00 18347
326 -7.306978e+00 18347
327 -7.307309e+00 18347
328 -7.307633e+00 18347
329 -7.307952e+00 18347
330 -7.308265e+00 18347
331 -7.308573e+00 18347
332 -7.308875e+00 18347
333 -7.309172e+00 18347
334 -7.309463e+00 18347
335 -7.309750e+00 18347
336 -7.310031e+00 18347
337 -7.310308e+00 18347
338 -7.310579e+00 18347
339 -7.310846e+00 18347
340 -7.311109e+00 18347
341 -7.311367e+00 18347
342 -7.311621e+00 18347
343 -7.311871e+00 18347
344 -7.312117e+00 18347
345 -7.312359e+00 18347
346 -7.312598e+00 18347
347 -7.312833e+00 18347
348 -7.313065e+00 18347
349 -7.313293e+00 18347
350 -7.313519e+00 18347
351 -7.313742e+00 18347
352 -7.313962e+00 18347
353 -7.314179e+00 18347
354 -7.314395e+00 18347
355 -7.314608e+00 18347
356 -7.314819e+00 18347
357 -7.315028e+00 18347
358 -7.315236e+00 18347
359 -7.315442e+00 18347
360 -7.315647e+00 18347
361 -7.315851e+00 18347
362 -7.316053e+00 18347
363 -7.316255e+00 18347
364 -7.316456e+00 18347
365 -7.316657e+00 18347
366 -7.316858e+00 18347
367 -7.317058e+00 18347
368 -7.317259e+00 18347
369 -7.317459e+00 18347
370 -7.317661e+00 18347
371 -7.317862e+00 18347
372 -7.318065e+00 18347
373 -7.318268e+00 18347
374 -7.318473e+00 18347
375 -7.318679e+00 18347
376 -7.318886e+00 18347
377 -7.319095e+00 18347
378 -7.319306e+00 18347
379 -7.319519e+00 18347
380 -7.319734e+00 18347
381 -7.319952e+00 18347
382 -7.320172e+00 18347
383 -7.320394e+00 18347
384 -7.320619e+00 18347
385 -7.320848e+00 18347
386 -7.321079e+00 18347
387 -7.321314e+00 18347
388 -7.321553e+00 18347
389 -7.321795e+00 18347
390 -7.322040e+00 18347
391 -7.322290e+00 18347
392 -7.322544e+00 18347
393 -7.322802e+00 18347
394 -7.323064e+00 18347
395 -7.323331e+00 18347
396 -7.323603e+00 18347
397 -7.323879e+00 18347
398 -7.324160e+00 18347
399 -7.324446e+00 18347
400 -7.324738e+00 18347
401 -7.325034e+00 18347
402 -7.325336e+00 18347
403 -7.325644e+00 18347
404 -7.325957e+00 18347
405 -7.326275e+00 18347
406 -7.326600e+00 18347
407 -7.326930e+00 18347
408 -7.327267e+00 18347
409 -7.327609e+00 18347
410 -7.327958e+00 18347
411 -7.328313e+00 18347
412 -7.328674e+00 18347
413 -7.329042e+00 18347
414 -7.329416e+00 18347
415 -7.329797e+00 18347
416 -7.330184e+00 18347
417 -7.330578e+00 18347
418 -7.330980e+00 18347
419 -7.331388e+00 18347
420 -7.331803e+00 18347
421 -7.332225e+00 18347
422 -7.332654e+00 18347
423 -7.333090e+00 18347
424 -7.333534e+00 18347
425 -7.333985e+00 18347
426 -7.334444e+00 18347
427 -7.334910e+00 18347
428 -7.335383e+00 18347
429 -7.335864e+00 18347
430 -7.336353e+00 18347
431 -7.336849e+00 18347
432 -7.337354e+00 18347
433 -7.337866e+00 18347
434 -7.338386e+00 18347
435 -7.338914e+00 18347
436 -7.339450e+00 18347
437 -7.339994e+00 18347
438 -7.340546e+00 18347
439 -7.341107e+00 18347
440 -7.341675e+00 18347
441 -7.342252e+00 18347
442 -7.342837e+00 18347
443 -7.343431e+00 18347
444 -7.344033e+00 18347
445 -7.344643e+00 18347
446 -7.345262e+00 18347
447 -7.345889e+00 18347
448 -7.346525e+00 18347
449 -7.347169e+00 18347
450 -7.347822e+00 18347
451 -7.348483e+00 18347
452 -7.349153e+00 18347
453 -7.349832e+00 18347
454 -7.350519e+00 18347
455 -7.351214e+00 18347
456 -7.351919e+00 18347
457 -7.352632e+00 18347
458 -7.353353e+00 18347
459 -7.354083e+00 18347
460 -7.354821e+00 18347
461 -7.355568e+00 18347
462 -7.356324e+00 18347
463 -7.357088e+00 18347
464 -7.357860e+00 18347
465 -7.358640e+00 18347
466 -7.359429e+00 18347
467 -7.360226e+00 18347
468 -7.361032e+00 18347
469 -7.361845e+00 18347
470 -7.362666e+00 18347
471 -7.363496e+00 18347
472 -7.364333e+00 18347
473 -7.365178e+00 18347
474 -7.366030e+00 18347
475 -7.366890e+00 18347
476 -7.367758e+00 18347
477 -7.368633e+00 18347
478 -7.369515e+00 18347
479 -7.370404e+00 18347
480 -7.371301e+00 18347
481 -7.372204e+00 18347
482 -7.373114e+00 18347
483 -7.374030e+00 18347
484 -7.374953e+00 18347
485 -7.375882e+00 18347
486 -7.376818e+00 18347
487 -7.377759e+00 18347
488 -7.378706e+00 18347
489 -7.379658e+00 18347
490 -7.380617e+00 18347
491 -7.381580e+00 18347
492 -7.382549e+00 18347
493 -7.383522e+00 18347
494 -7.384501e+00 18347
495 -7.385483e+00 18347
496 -7.386471e+00 18347
497 -7.387462e+00 18347
498 -7.388458e+00 18347
499 -7.389458e+00 18347
500 -7.390461e+00 18347

#epsilon= 8.215106e-02  dim= 3
0 -6.605140e+00 19075
1 -6.605647e+00 19075
2 -6.606154e+00 19075
3 -6.606658e+00 19075
4 -6.607159e+00 19075
5 -6.607655e+00 19075
6 -6.608146e+00 19075
7 -6.608632e+00 19075
8 -6.609111e+00 19075
9 -6.609583e+00 19075
10 -6.610049e+00 19075
11 -6.610507e+00 19075
12 -6.610958e+00 19075
13 -6.611401e+00 19075
14 -6.611837e+00 19075
15 -6.612265e+00 19075
16 -6.612685e+00 19075
17 -6.613097e+00 19075
18 -6.613501e+00 19075
19 -6.613897e+00 19075
20 -6.614286e+00 19075
21 -6.614666e+00 19075
22 -6.615038e+00 19075
23 -6.615403e+00 19075
24 -6.615760e+00 19075
25 -6.616109e+00 19075
26 -6.616450e+00 19075
27 -6.616784e+00 19075
28 -6.617110e+00 19075
29 -6.617428e+00 19075
30 -6.617739e+00 19075
31 -6.618043e+00 19075
32 -6.618340e+00 19075
33 -6.618630e+00 19075
34 -6.618912e+00 19075
35 -6.619188e+00 19075
36 -6.619457e+00 19075
37 -6.619720e+00 19075
38 -6.619976e+00 19075
39 -6.620225e+00 19075
40 -6.620469e+00 19075
41 -6.620707e+00 19075
42 -6.620939e+00 19075
43 -6.621165e+00 19075
44 -6.621386e+00 19075
45 -6.621602e+00 19075
46 -6.621813e+00 19075
47 -6.622018e+00 19075
48 -6.622220e+00 19075
49 -6.622417e+00 19075
50 -6.622609e+00 19075
51 -6.622798e+00 19075
52 -6.622983e+00 19075
53 -6.623165e+00 19075
54 -6.623344e+00 19075
55 -6.623519e+00 19075
56 -6.623692e+00 19075
57 -6.623862e+00 19075
58 -6.624030e+00 19075
59 -6.624196e+00 19075
60 -6.624360e+00 19075
61 -6.624523e+00 19075
62 -6.624684e+00 19075
63 -6.624844e+00 19075
64 -6.625004e+00 19075
65 -6.625163e+00 19075
66 -6.625321e+00 19075
67 -6.625480e+00 19075
68 -6.625638e+00 19075
69 -6.625797e+00 19075
70 -6.625956e+00 19075
71 -6.626116e+00 19075
72 -6.626276e+00 19075
73 -6.626438e+00 19075
74 -6.626601e+00 19075
75 -6.626765e+00 19075
76 -6.626932e+00 19075
77 -6.627100e+00 19075
78 -6.627270e+00 19075
79 -6.627442e+00 19075
80 -6.627616e+00 19075
81 -6.627793e+00 19075
82 -6.627973e+00 19075
83 -6.628155e+00 19075
84 -6.628341e+00 19075
85 -6.628530e+00 19075
86 -6.628722e+00 19075
87 -6.628917e+00 19075
88 -6.629116e+00 19075
89 -6.629319e+00 19075
90 -6.629526e+00 19075
91 -6.629737e+00 19075
92 -6.629952e+00 19075
93 -6.630172e+00 19075
94 -6.630396e+00 19075
95 -6.630625e+00 19075
96 -6.630858e+00 19075
97 -6.631096e+00 19075
98 -6.631340e+00 19075
99 -6.631588e+00 19075
100 -6.631842e+00 19075
101 -6.632102e+00 19075
102 -6.632367e+00 19075
103 -6.632637e+00 19075
104 -6.632913e+00 19075
105 -6.633195e+00 19075
106 -6.633484e+00 19075
107 -6.633778e+00 19075
108 -6.634078e+00 19075
109 -6.634385e+00 19075
110 -6.634698e+00 19075
111 -6.635018e+00 19075
112 -6.635345e+00 19075
113 -6.635678e+00 19075
114 -6.636018e+00 19075
115 -6.636364e+00 19075
116 -6.636718e+00 19075
117 -6.637079e+00 19075
118 -6.637447e+00 19075
119 -6.637822e+00 19075
120 -6.638204e+00 19075
121 -6.638594e+00 19075
122 -6.638991e+00 19075
123 -6.639396e+00 19075
124 -6.639808e+00 19075
125 -6.640228e+00 19075
126 -6.640655e+00 19075
127 -6.641090e+00 19075
128 -6.641533e+00 19075
129 -6.641984e+00 19075
130 -6.642442e+00 19075
131 -6.642908e+00 19075
132 -6.643382e+00 19075
133 -6.643864e+00 19075
134 -6.644354e+00 19075
135 -6.644852e+00 19075
136 -6.645358e+00 19075
137 -6.645872e+00 19075
138 -6.646393e+00 19075
139 -6.646923e+00 19075
140 -6.647460e+00 19075
141 -6.648006e+00 19075
142 -6.648559e+00 19075
143 -6.649120e+00 19075
144 -6.649689e+00 19075
145 -6.650265e+00 19075
146 -6.650850e+00 19075
147 -6.651442e+00 19075
148 -6.652041e+00 19075
149 -6.652649e+00 19075
150 -6.653263e+00 19075
151 -6.653886e+00 19075
152 -6.654515e+00 19075
153 -6.655152e+00 19075
154 -6.655796e+00 19075
155 -6.656447e+00 19075
156 -6.657106e+00 19075
157 -6.657771e+00 19075
158 -6.658444e+00 19075
159 -6.659123e+00 19075
160 -6.659809e+00 19075
161 -6.660502e+00 19075
162 -6.661202e+00 19075
163 -6.661908e+00 19075
164 -6.662621e+00 19075
165 -6.663341e+00 19075
166 -6.664067e+00 19075
167 -6.664800e+00 19075
168 -6.665540e+00 19075
169 -6.666285e+00 19075
170 -6.667037e+00 19075
171 -6.667796e+00 19075
172 -6.668561e+00 19075
173 -6.669332e+00 19075
174 -6.670110e+00 19075
175 -6.670893e+00 19075
176 -6.671683e+00 19075
177 -6.672479e+00 19075
178 -6.673281e+00 19075
179 -6.674090e+00 19075
180 -6.674904e+00 19075
181 -6.675723e+00 19075
182 -6.676549e+00 19075
183 -6.677380e+00 19075
184 -6.678217e+00 19075
185 -6.679060e+00 19075
186 -6.679908e+00 19075
187 -6.680761e+00 19075
188 -6.681619e+00 19075
189 -6.682483e+00 19075
190 -6.683351e+00 19075
191 -6.684225e+00 19075
192 -6.685103e+00 19075
193 -6.685985e+00 19075
194 -6.686873e+00 19075
195 -6.687764e+00 19075
196 -6.688660e+00 19075
197 -6.689560e+00 19075
198 -6.690463e+00 19075
199 -6.691371e+00 19075
200 -6.692282e+00 19075
201 -6.693197e+00 19075
202 -6.694115e+00 19075
203 -6.695036e+00 19075
204 -6.695960e+00 19075
205 -6.696887e+00 19075
206 -6.697817e+00 19075
207 -6.698749e+00 19075
208 -6.699683e+00 19075
209 -6.700620e+00 19075
210 -6.701559e+00 19075
211 -6.702500e+00 19075
212 -6.703442e+00 19075
213 -6.704386e+00 19075
214 -6.705331e+00 19075
215 -6.706278e+00 19075
216 -6.707225e+00 19075
217 -6.708173e+00 19075
218 -6.709122e+00 19075
219 -6.710071e+00 19075
220 -6.711021e+00 19075
221 -6.711970e+00 19075
222 -6.712919e+00 19075
223 -6.713869e+00 19075
224 -6.714817e+00 19075
225 -6.715765e+00 19075
226 -6.716712e+00 19075
227 -6.717659e+00 19075
228 -6.718603e+00 19075
229 -6.719547e+00 19075
230 -6.720489e+00 19075
231 -6.721429e+00 19075
232 -6.722367e+00 19075
233 -6.723303e+00 19075
234 -6.724237e+00 19075
235 -6.725168e+00 19075
236 -6.726097e+00 19075
237 -6.727023e+00 19075
238 -6.727945e+00 19075
239 -6.728865e+00 19075
240 -6.729781e+00 19075
241 -6.730693e+00 19075
242 -6.731602e+00 19075
243 -6.732507e+00 19075
244 -6.733407e+00 19075
245 -6.734304e+00 19075
246 -6.735196e+00 19075
247 -6.736083e+00 19075
248 -6.736965e+00 19075
249 -6.737843e+00 19075
250 -6.738715e+00 19075
251 -6.739583e+00 19075
252 -6.740444e+00 19075
253 -6.741301e+00 19075
254 -6.742151e+00 19075
255 -6.742996e+00 19075
256 -6.743834e+00 19075
257 -6.744667e+00 19075
258 -6.745493e+00 19075
259 -6.746312e+00 19075
260 -6.747125e+00 19075
261 -6.747932e+00 19075
262 -6.748731e+00 19075
263 -6.749524e+00 19075
264 -6.750309e+00 19075
265 -6.751087e+00 19075
266 -6.751858e+00 19075
267 -6.752622e+00 19075
268 -6.753378e+00 19075
269 -6.754126e+00 19075
270 -6.754867e+00 19075
271 -6.755600e+00 19075
272 -6.756325e+00 19075
273 -6.757042e+00 19075
274 -6.757751e+00 19075
275 -6.758452e+00 19075
276 -6.759145e+00 19075
277 -6.759829e+00 19075
278 -6.760505e+00 19075
279 -6.761173e+00 19075
280 -6.761832e+00 19075
281 -6.762483e+00 19075
282 -6.763125e+00 19075
283 -6.763759e+00 19075
284 -6.764385e+00 19075
285 -6.765002e+00 19075
286 -6.765610e+00 19075
287 -6.766209e+00 19075
288 -6.766800e+00 19075
289 -6.767383e+00 19075
290 -6.767957e+00 19075
291 -6.768522e+00 19075
292 -6.769079e+00 19075
293 -6.769627e+00 19075
294 -6.770167e+00 19075
295 -6.770698e+00 19075
296 -6.771221e+00 19075
297 -6.771736e+00 19075
298 -6.772242e+00 19075
299 -6.772740e+00 19075
300 -6.773229e+00 19075
301 -6.773711e+00 19075
302 -6.774184e+00 19075
303 -6.774650e+00 19075
304 -6.775107e+00 19075
305 -6.775557e+00 19075
306 -6.775998e+00 19075
307 -6.776433e+00 19075
308 -6.776859e+00 19075
309 -6.777278e+00 19075
310 -6.777690e+00 19075
311 -6.778094e+00 19075
312 -6.778491e+00 19075
313 -6.778882e+00 19075
314 -6.779265e+00 19075
315 -6.779641e+00 19075
316 -6.780011e+00 19075
317 -6.780374e+00 19075
318 -6.780730e+00 19075
319 -6.781080e+00 19075
320 -6.781424e+00 19075
321 -6.781762e+00 19075
322 -6.782093e+00 19075
323 -6.782419e+00 19075
324 -6.782740e+00 19075
325 -6.783054e+00 19075
326 -6.783363e+00 19075
327 -6.783667e+00 19075
328 -6.783966e+00 19075
329 -6.784260e+00 19075
330 -6.784549e+00 19075
331 -6.784833e+00 19075
332 -6.785113e+00 19075
333 -6.785388e+00 19075
334 -6.785659e+00 19075
335 -6.785926e+00 19075
336 -6.786189e+00 19075
337 -6.786449e+00 19075
338 -6.786704e+00 19075
339 -6.786957e+00 19075
340 -6.787205e+00 19075
341 -6.787451e+00 19075
342 -6.787694e+00 19075
343 -6.787934e+00 19075
344 -6.788172e+00 19075
345 -6.788406e+00 19075
346 -6.788639e+00 19075
347 -6.788869e+00 19075
348 -6.789098e+00 19075
349 -6.789325e+00 19075
350 -6.789550e+00 19075
351 -6.789773e+00 19075
352 -6.789995e+00 19075
353 -6.790216e+00 19075
354 -6.790436e+00 19075
355 -6.790656e+00 19075
356 -6.790874e+00 19075
357 -6.791093e+00 19075
358 -6.791310e+00 19075
359 -6.791528e+00 19075
360 -6.791746e+00 19075
361 -6.791964e+00 19075
362 -6.792182e+00 19075
363 -6.792401e+00 19075
364 -6.792620e+00 19075
365 -6.792841e+00 19075
366 -6.793062e+00 19075
367 -6.793284e+00 19075
368 -6.793508e+00 19075
369 -6.793733e+00 19075
370 -6.793960e+00 19075
371 -6.794189e+00 19075
372 -6.794420e+00 19075
373 -6.794652e+00 19075
374 -6.794887e+00 19075
375 -6.795125e+00 19075
376 -6.795364e+00 19075
377 -6.795607e+00 19075
378 -6.795852e+00 19075
379 -6.796101e+00 19075
380 -6.796352e+00 19075
381 -6.796607e+00 19075
382 -6.796865e+00 19075
383 -6.797126e+00 19075
384 -6.797391e+00 19075
385 -6.797660e+00 19075
386 -6.797933e+00 19075
387 -6.798210e+00 19075
388 -6.798491e+00 19075
389 -6.798776e+00 19075
390 -6.799065e+00 19075
391 -6.799359e+00 19075
392 -6.799657e+00 19075
393 -6.799961e+00 19075
394 -6.800269e+00 19075
395 -6.800582e+00 19075
396 -6.800899e+00 19075
397 -6.801222e+00 19075
398 -6.801551e+00 19075
399 -6.801884e+00 19075
400 -6.802223e+00 19075
401 -6.802567e+00 19075
402 -6.802917e+00 19075
403 -6.803273e+00 19075
404 -6.803634e+00 19075
405 -6.804001e+00 19075
406 -6.804374e+00 19075
407 -6.804754e+00 19075
408 -6.805139e+00 19075
409 -6.805530e+00 19075
410 -6.805928e+00 19075
411 -6.806332e+00 19075
412 -6.806742e+00 19075
413 -6.807159e+00 19075
414 -6.807582e+00 19075
415 -6.808012e+00 19075
416 -6.808449e+00 19075
417 -6.808892e+00 19075
418 -6.809342e+00 19075
419 -6.809799e+00 19075
420 -6.810263e+00 19075
421 -6.810734e+00 19075
422 -6.811212e+00 19075
423 -6.811697e+00 19075
424 -6.812189e+00 19075
425 -6.812688e+00 19075
426 -6.813194e+00 19075
427 -6.813708e+00 19075
428 -6.814229e+00 19075
429 -6.814757e+00 19075
430 -6.815293e+00 19075
431 -6.815836e+00 19075
432 -6.816386e+00 19075
433 -6.816944e+00 19075
434 -6.817509e+00 19075
435 -6.818082e+00 19075
436 -6.818662e+00 19075
437 -6.819250e+00 19075
438 -6.819845e+00 19075
439 -6.820448e+00 19075
440 -6.821058e+00 19075
441 -6.821675e+00 19075
442 -6.822300e+00 19075
443 -6.822933e+00 19075
444 -6.823573e+00 19075
445 -6.824220e+00 19075
446 -6.824875e+00 19075
447 -6.825537e+00 19075
448 -6.826207e+00 19075
449 -6.826884e+00 19075
450 -6.827568e+00 19075
451 -6.828259e+00 19075
452 -6.828958e+00 19075
453 -6.829664e+00 19075
454 -6.830377e+00 19075
455 -6.831098e+00 19075
456 -6.831825e+00 19075
457 -6.832559e+00 19075
458 -6.833301e+00 19075
459 -6.834049e+00 19075
460 -6.834804e+00 19075
461 -6.835566e+00 19075
462 -6.836335e+00 19075
463 -6.837110e+00 19075
464 -6.837892e+00 19075
465 -6.838681e+00 19075
466 -6.839476e+00 19075
467 -6.840277e+00 19075
468 -6.841085e+00 19075
469 -6.841899e+00 19075
470 -6.842719e+00 19075
471 -6.843545e+00 19075
472 -6.844377e+00 19075
473 -6.845215e+00 19075
474 -6.846059e+00 19075
475 -6.846909e+00 19075
476 -6.847764e+00 19075
477 -6.848625e+00 19075
478 -6.849491e+00 19075
479 -6.850363e+00 19075
480 -6.851240e+00 19075
481 -6.852121e+00 19075
482 -6.853008e+00 19075
483 -6.853900e+00 19075
484 -6.854797e+00 19075
485 -6.855698e+00 19075
486 -6.856603e+00 19075
487 -6.857513e+00 19075
488 -6.858428e+00 19075
489 -6.859346e+00 19075
490 -6.860269e+00 19075
491 -6.861195e+00 19075
492 -6.862125e+00 19075
493 -6.863059e+00 19075
494 -6.863996e+00 19075
495 -6.864937e+00 19075
496 -6.865881e+00 19075
497 -6.866827e+00 19075
498 -6.867777e+00 19075
499 -6.868729e+00 19075
500 -6.869684e+00 19075

#epsilon= 1.460875e-01  dim= 3
0 -6.100637e+00 19126
1 -6.101157e+00 19126
2 -6.101678e+00 19126
3 -6.102198e+00 19126
4 -6.102716e+00 19126
5 -6.103231e+00 19126
6 -6.103741e+00 19126
7 -6.104247e+00 19126
8 -6.104748e+00 19126
9 -6.105242e+00 19126
10 -6.105731e+00 19126
11 -6.106214e+00 19126
12 -6.106689e+00 19126
13 -6.107158e+00 19126
14 -6.107620e+00 19126
15 -6.108075e+00 19126
16 -6.108523e+00 19126
17 -6.108963e+00 19126
18 -6.109396e+00 19126
19 -6.109822e+00 19126
20 -6.110240e+00 19126
21 -6.110651e+00 19126
22 -6.111054e+00 19126
23 -6.111450e+00 19126
24 -6.111839e+00 19126
25 -6.112220e+00 19126
26 -6.112594e+00 19126
27 -6.112960e+00 19126
28 -6.113320e+00 19126
29 -6.113672e+00 19126
30 -6.114017e+00 19126
31 -6.114355e+00 19126
32 -6.114686e+00 19126
33 -6.115011e+00 19126
34 -6.115328e+00 19126
35 -6.115639e+00 19126
36 -6.115944e+00 19126
37 -6.116242e+00 19126
38 -6.116534e+00 19126
39 -6.116819e+00 19126
40 -6.117099e+00 19126
41 -6.117372e+00 19126
42 -6.117640e+00 19126
43 -6.117902e+00 19126
44 -6.118158e+00 19126
45 -6.118410e+00 19126
46 -6.118655e+00 19126
47 -6.118896e+00 19126
48 -6.119132e+00 19126
49 -6.119363e+00 19126
50 -6.119589e+00 19126
51 -6.119811e+00 19126
52 -6.120029e+00 19126
53 -6.120242e+00 19126
54 -6.120451e+00 19126
55 -6.120656e+00 19126
56 -6.120858e+00 19126
57 -6.121056e+00 19126
58 -6.121251e+00 19126
59 -6.121443e+00 19126
60 -6.121631e+00 19126
61 -6.121817e+00 19126
62 -6.122000e+00 19126
63 -6.122181e+00 19126
64 -6.122359e+00 19126
65 -6.122535e+00 19126
66 -6.122710e+00 19126
67 -6.122882e+00 19126
68 -6.123053e+00 19126
69 -6.123222e+00 19126
70 -6.123391e+00 19126
71 -6.123558e+00 19126
72 -6.123725e+00 19126
73 -6.123891e+00 19126
74 -6.124056e+00 19126
75 -6.124222e+00 19126
76 -6.124387e+00 19126
77 -6.124553e+00 19126
78 -6.124719e+00 19126
79 -6.124885e+00 19126
80 -6.125053e+00 19126
81 -6.125222e+00 19126
82 -6.125392e+00 19126
83 -6.125563e+00 19126
84 -6.125736e+00 19126
85 -6.125912e+00 19126
86 -6.126089e+00 19126
87 -6.126269e+00 19126
88 -6.126452e+00 19126
89 -6.126638e+00 19126
90 -6.126827e+00 19126
91 -6.127019e+00 19126
92 -6.127215e+00 19126
93 -6.127415e+00 19126
94 -6.127619e+00 19126
95 -6.127827e+00 19126
96 -6.128040e+00 19126
97 -6.128258e+00 19126
98 -6.128480e+00 19126
99 -6.128708e+00 19126
100 -6.128941e+00 19126
101 -6.129180e+00 19126
102 -6.129424e+00 19126
103 -6.129674e+00 19126
104 -6.129930e+00 19126
105 -6.130192e+00 19126
106 -6.130461e+00 19126
107 -6.130736e+00 19126
108 -6.131018e+00 19126
109 -6.131306e+00 19126
110 -6.131602e+00 19126
111 -6.131904e+00 19126
112 -6.132214e+00 19126
113 -6.132530e+00 19126
114 -6.132854e+00 19126
115 -6.133185e+00 19126
116 -6.133524e+00 19126
117 -6.133871e+00 19126
118 -6.134224e+00 19126
119 -6.134586e+00 19126
120 -6.134956e+00 19126
121 -6.135333e+00 19126
122 -6.135718e+00 19126
123 -6.136111e+00 19126
124 -6.136511e+00 19126
125 -6.136920e+00 19126
126 -6.137337e+00 19126
127 -6.137761e+00 19126
128 -6.138194e+00 19126
129 -6.138635e+00 19126
130 -6.139083e+00 19126
131 -6.139540e+00 19126
132 -6.140004e+00 19126
133 -6.140476e+00 19126
134 -6.140956e+00 19126
135 -6.141444e+00 19126
136 -6.141940e+00 19126
137 -6.142443e+00 19126
138 -6.142954e+00 19126
139 -6.143473e+00 19126
140 -6.143999e+00 19126
141 -6.144533e+00 19126
142 -6.145073e+00 19126
143 -6.145622e+00 19126
144 -6.146177e+00 19126
145 -6.146740e+00 19126
146 -6.147310e+00 19126
147 -6.147887e+00 19126
148 -6.148471e+00 19126
149 -6.149062e+00 19126
150 -6.149661e+00 19126
151 -6.150266e+00 19126
152 -6.150878e+00 19126
153 -6.151496e+00 19126
154 -6.152122e+00 19126
155 -6.152754e+00 19126
156 -6.153393e+00 19126
157 -6.154039e+00 19126
158 -6.154692e+00 19126
159 -6.155352e+00 19126
160 -6.156018e+00 19126
161 -6.156691e+00 19126
162 -6.157370e+00 19126
163 -6.158057e+00 19126
164 -6.158750e+00 19126
165 -6.159450e+00 19126
166 -6.160157e+00 19126
167 -6.160871e+00 19126
168 -6.161591e+00 19126
169 -6.162318e+00 19126
170 -6.163053e+00 19126
171 -6.163793e+00 19126
172 -6.164541e+00 19126
173 -6.165296e+00 19126
174 -6.166057e+00 19126
175 -6.166825e+00 19126
176 -6.167600e+00 19126
177 -6.168381e+00 19126
178 -6.169169e+00 19126
179 -6.169964e+00 19126
180 -6.170765e+00 19126
181 -6.171573e+00 19126
182 -6.172387e+00 19126
183 -6.173208e+00 19126
184 -6.174035e+00 19126
185 -6.174868e+00 19126
186 -6.175707e+00 19126
187 -6.176552e+00 19126
188 -6.177403e+00 19126
189 -6.178259e+00 19126
190 -6.179122e+00 19126
191 -6.179990e+00 19126
192 -6.180863e+00 19126
193 -6.181741e+00 19126
194 -6.182625e+00 19126
195 -6.183514e+00 19126
196 -6.184408e+00 19126
197 -6.185306e+00 19126
198 -6.186209e+00 19126
199 -6.187116e+00 19126
200 -6.188028e+00 19126
201 -6.188944e+00 19126
202 -6.189864e+00 19126
203 -6.190787e+00 19126
204 -6.191714e+00 19126
205 -6.192645e+00 19126
206 -6.193579e+00 19126
207 -6.194516e+00 19126
208 -6.195456e+00 19126
209 -6.196399e+00 19126
210 -6.197345e+00 19126
211 -6.198293e+00 19126
212 -6.199243e+00 19126
213 -6.200195e+00 19126
214 -6.201149e+00 19126
215 -6.202105e+00 19126
216 -6.203063e+00 19126
217 -6.204021e+00 19126
218 -6.204981e+00 19126
219 -6.205942e+00 19126
220 -6.206903e+00 19126
221 -6.207866e+00 19126
222 -6.208828e+00 19126
223 -6.209791e+00 19126
224 -6.210753e+00 19126
225 -6.211716e+00 19126
226 -6.212678e+00 19126
227 -6.213639e+00 19126
228 -6.214600e+00 19126
229 -6.215559e+00 19126
230 -6.216518e+00 19126
231 -6.217475e+00 19126
232 -6.218430e+00 19126
233 -6.219384e+00 19126
234 -6.220336e+00 19126
235 -6.221286e+00 19126
236 -6.222233e+00 19126
237 -6.223178e+00 19126
238 -6.224120e+00 19126
239 -6.225059e+00 19126
240 -6.225995e+00 19126
241 -6.226928e+00 19126
242 -6.227857e+00 19126
243 -6.228783e+00 19126
244 -6.229704e+00 19126
245 -6.230622e+00 19126
246 -6.231536e+00 19126
247 -6.232445e+00 19126
248 -6.233350e+00 19126
249 -6.234249e+00 19126
250 -6.235145e+00 19126
251 -6.236034e+00 19126
252 -6.236919e+00 19126
253 -6.237798e+00 19126
254 -6.238672e+00 19126
255 -6.239540e+00 19126
256 -6.240402e+00 19126
257 -6.241259e+00 19126
258 -6.242108e+00 19126
259 -6.242952e+00 19126
260 -6.243789e+00 19126
261 -6.244620e+00 19126
262 -6.245443e+00 19126
263 -6.246260e+00 19126
264 -6.247070e+00 19126
265 -6.247873e+00 19126
266 -6.248668e+00 19126
267 -6.249456e+00 19126
268 -6.250237e+00 19126
269 -6.251009e+00 19126
270 -6.251774e+00 19126
271 -6.252532e+00 19126
272 -6.253281e+00 19126
273 -6.254022e+00 19126
274 -6.254755e+00 19126
275 -6.255480e+00 19126
276 -6.256196e+00 19126
277 -6.256904e+00 19126
278 -6.257604e+00 19126
279 -6.258295e+00 19126
280 -6.258977e+00 19126
281 -6.259651e+00 19126
282 -6.260316e+00 19126
283 -6.260972e+00 19126
284 -6.261619e+00 19126
285 -6.262258e+00 19126
286 -6.262887e+00 19126
287 -6.263508e+00 19126
288 -6.264119e+00 19126
289 -6.264722e+00 19126
290 -6.265315e+00 19126
291 -6.265899e+00 19126
292 -6.266475e+00 19126
293 -6.267041e+00 19126
294 -6.267598e+00 19126
295 -6.268146e+00 19126
296 -6.268685e+00 19126
297 -6.269214e+00 19126
298 -6.269735e+00 19126
299 -6.270247e+00 19126
300 -6.270750e+00 19126
301 -6.271244e+00 19126
302 -6.271729e+00 19126
303 -6.272205e+00 19126
304 -6.272672e+00 19126
305 -6.273131e+00 19126
306 -6.273580e+00 19126
307 -6.274022e+00 19126
308 -6.274454e+00 19126
309 -6.274878e+00 19126
310 -6.275294e+00 19126
311 -6.275702e+00 19126
312 -6.276101e+00 19126
313 -6.276492e+00 19126
314 -6.276875e+00 19126
315 -6.277250e+00 19126
316 -6.277617e+00 19126
317 -6.277977e+00 19126
318 -6.278328e+00 19126
319 -6.278673e+00 19126
320 -6.279010e+00 19126
321 -6.279340e+00 19126
322 -6.279663e+00 19126
323 -6.279979e+00 19126
324 -6.280288e+00 19126
325 -6.280591e+00 19126
326 -6.280887e+00 19126
327 -6.281176e+00 19126
328 -6.281460e+00 19126
329 -6.281737e+00 19126
330 -6.282009e+00 19126
331 -6.282275e+00 19126
332 -6.282536e+00 19126
333 -6.282791e+00 19126
334 -6.283041e+00 19126
335 -6.283287e+00 19126
336 -6.283527e+00 19126
337 -6.283763e+00 19126
338 -6.283995e+00 19126
339 -6.284222e+00 19126
340 -6.284445e+00 19126
341 -6.284665e+00 19126
342 -6.284881e+00 19126
343 -6.285093e+00 19126
344 -6.285303e+00 19126
345 -6.285509e+00 19126
346 -6.285712e+00 19126
347 -6.285913e+00 19126
348 -6.286112e+00 19126
349 -6.286308e+00 19126
350 -6.286502e+00 19126
351 -6.286694e+00 19126
352 -6.286885e+00 19126
353 -6.287074e+00 19126
354 -6.287262e+00 19126
355 -6.287448e+00 19126
356 -6.287634e+00 19126
357 -6.287820e+00 19126
358 -6.288004e+00 19126
359 -6.288189e+00 19126
360 -6.288373e+00 19126
361 -6.288557e+00 19126
362 -6.288741e+00 19126
363 -6.288926e+00 19126
364 -6.289112e+00 19126
365 -6.289298e+00 19126
366 -6.289485e+00 19126
367 -6.289673e+00 19126
368 -6.289862e+00 19126
369 -6.290053e+00 19126
370 -6.290245e+00 19126
371 -6.290439e+00 19126
372 -6.290635e+00 19126
373 -6.290833e+00 19126
374 -6.291033e+00 19126
375 -6.291236e+00 19126
376 -6.291441e+00 19126
377 -6.291648e+00 19126
378 -6.291859e+00 19126
379 -6.292072e+00 19126
380 -6.292288e+00 19126
381 -6.292508e+00 19126
382 -6.292731e+00 19126
383 -6.292957e+00 19126
384 -6.293187e+00 19126
385 -6.293420e+00 19126
386 -6.293658e+00 19126
387 -6.293899e+00 19126
388 -6.294144e+00 19126
389 -6.294394e+00 19126
390 -6.294648e+00 19126
391 -6.294906e+00 19126
392 -6.295169e+00 19126
393 -6.295437e+00 19126
394 -6.295709e+00 19126
395 -6.295987e+00 19126
396 -6.296269e+00 19126
397 -6.296557e+00 19126
398 -6.296850e+00 19126
399 -6.297148e+00 19126
400 -6.297452e+00 19126
401 -6.297761e+00 19126
402 -6.298076e+00 19126
403 -6.298397e+00 19126
404 -6.298724e+00 19126
405 -6.299057e+00 19126
406 -6.299396e+00 19126
407 -6.299741e+00 19126
408 -6.300092e+00 19126
409 -6.300450e+00 19126
410 -6.300815e+00 19126
411 -6.301186e+00 19126
412 -6.301564e+00 19126
413 -6.301949e+00 19126
414 -6.302341e+00 19126
415 -6.302740e+00 19126
416 -6.303145e+00 19126
417 -6.303558e+00 19126
418 -6.303979e+00 19126
419 -6.304407e+00 19126
420 -6.304842e+00 19126
421 -6.305284e+00 19126
422 -6.305735e+00 19126
423 -6.306193e+00 19126
424 -6.306658e+00 19126
425 -6.307132e+00 19126
426 -6.307613e+00 19126
427 -6.308102e+00 19126
428 -6.308599e+00 19126
429 -6.309104e+00 19126
430 -6.309618e+00 19126
431 -6.310139e+00 19126
432 -6.310668e+00 19126
433 -6.311206e+00 19126
434 -6.311752e+00 19126
435 -6.312306e+00 19126
436 -6.312868e+00 19126
437 -6.313438e+00 19126
438 -6.314017e+00 19126
439 -6.314604e+00 19126
440 -6.315199e+00 19126
441 -6.315803e+00 19126
442 -6.316415e+00 19126
443 -6.317035e+00 19126
444 -6.317663e+00 19126
445 -6.318300e+00 19126
446 -6.318944e+00 19126
447 -6.319597e+00 19126
448 -6.320259e+00 19126
449 -6.320928e+00 19126
450 -6.321606e+00 19126
451 -6.322291e+00 19126
452 -6.322985e+00 19126
453 -6.323686e+00 19126
454 -6.324396e+00 19126
455 -6.325114e+00 19126
456 -6.325839e+00 19126
457 -6.326572e+00 19126
458 -6.327313e+00 19126
459 -6.328062e+00 19126
460 -6.328818e+00 19126
461 -6.329582e+00 19126
462 -6.330353e+00 19126
463 -6.331131e+00 19126
464 -6.331917e+00 19126
465 -6.332710e+00 19126
466 -6.333510e+00 19126
467 -6.334318e+00 19126
468 -6.335132e+00 19126
469 -6.335953e+00 19126
470 -6.336781e+00 19126
471 -6.337615e+00 19126
472 -6.338456e+00 19126
473 -6.339304e+00 19126
474 -6.340158e+00 19126
475 -6.341018e+00 19126
476 -6.341884e+00 19126
477 -6.342756e+00 19126
478 -6.343634e+00 19126
479 -6.344517e+00 19126
480 -6.345407e+00 19126
481 -6.346301e+00 19126
482 -6.347202e+00 19126
483 -6.348107e+00 19126
484 -6.349018e+00 19126
485 -6.349933e+00 19126
486 -6.350853e+00 19126
487 -6.351778e+00 19126
488 -6.352708e+00 19126
489 -6.353641e+00 19126
490 -6.354580e+00 19126
491 -6.355522e+00 19126
492 -6.356468e+00 19126
493 -6.357418e+00 19126
494 -6.358372e+00 19126
495 -6.359329e+00 19126
496 -6.360289e+00 19126
497 -6.361253e+00 19126
498 -6.362219e+00 19126
499 -6.363189e+00 19126
500 -6.364161e+00 19126

#epsilon= 2.597845e-01  dim= 3
0 -5.592172e+00 19175
1 -5.592696e+00 19175
2 -5.593221e+00 19175
3 -5.593744e+00 19175
4 -5.594264e+00 19175
5 -5.594781e+00 19175
6 -5.595294e+00 19175
7 -5.595802e+00 19175
8 -5.596304e+00 19175
9 -5.596801e+00 19175
10 -5.597291e+00 19175
11 -5.597775e+00 19175
12 -5.598252e+00 19175
13 -5.598722e+00 19175
14 -5.599185e+00 19175
15 -5.599641e+00 19175
16 -5.600090e+00 19175
17 -5.600531e+00 19175
18 -5.600965e+00 19175
19 -5.601392e+00 19175
20 -5.601811e+00 19175
21 -5.602222e+00 19175
22 -5.602626e+00 19175
23 -5.603022e+00 19175
24 -5.603412e+00 19175
25 -5.603793e+00 19175
26 -5.604167e+00 19175
27 -5.604535e+00 19175
28 -5.604894e+00 19175
29 -5.605247e+00 19175
30 -5.605593e+00 19175
31 -5.605931e+00 19175
32 -5.606263e+00 19175
33 -5.606588e+00 19175
34 -5.606907e+00 19175
35 -5.607219e+00 19175
36 -5.607524e+00 19175
37 -5.607823e+00 19175
38 -5.608116e+00 19175
39 -5.608403e+00 19175
40 -5.608685e+00 19175
41 -5.608960e+00 19175
42 -5.609230e+00 19175
43 -5.609494e+00 19175
44 -5.609754e+00 19175
45 -5.610008e+00 19175
46 -5.610257e+00 19175
47 -5.610501e+00 19175
48 -5.610741e+00 19175
49 -5.610976e+00 19175
50 -5.611207e+00 19175
51 -5.611434e+00 19175
52 -5.611657e+00 19175
53 -5.611876e+00 19175
54 -5.612092e+00 19175
55 -5.612304e+00 19175
56 -5.612513e+00 19175
57 -5.612719e+00 19175
58 -5.612922e+00 19175
59 -5.613122e+00 19175
60 -5.613320e+00 19175
61 -5.613516e+00 19175
62 -5.613710e+00 19175
63 -5.613901e+00 19175
64 -5.614091e+00 19175
65 -5.614280e+00 19175
66 -5.614467e+00 19175
67 -5.614653e+00 19175
68 -5.614838e+00 19175
69 -5.615022e+00 19175
70 -5.615205e+00 19175
71 -5.615389e+00 19175
72 -5.615572e+00 19175
73 -5.615755e+00 19175
74 -5.615938e+00 19175
75 -5.616121e+00 19175
76 -5.616305e+00 19175
77 -5.616490e+00 19175
78 -5.616676e+00 19175
79 -5.616862e+00 19175
80 -5.617050e+00 19175
81 -5.617240e+00 19175
82 -5.617431e+00 19175
83 -5.617624e+00 19175
84 -5.617818e+00 19175
85 -5.618015e+00 19175
86 -5.618214e+00 19175
87 -5.618416e+00 19175
88 -5.618620e+00 19175
89 -5.618827e+00 19175
90 -5.619037e+00 19175
91 -5.619251e+00 19175
92 -5.619467e+00 19175
93 -5.619687e+00 19175
94 -5.619910e+00 19175
95 -5.620138e+00 19175
96 -5.620369e+00 19175
97 -5.620604e+00 19175
98 -5.620843e+00 19175
99 -5.621086e+00 19175
100 -5.621334e+00 19175
101 -5.621587e+00 19175
102 -5.621844e+00 19175
103 -5.622106e+00 19175
104 -5.622374e+00 19175
105 -5.622646e+00 19175
106 -5.622923e+00 19175
107 -5.623206e+00 19175
108 -5.623494e+00 19175
109 -5.623788e+00 19175
110 -5.624087e+00 19175
111 -5.624392e+00 19175
112 -5.624703e+00 19175
113 -5.625020e+00 19175
114 -5.625343e+00 19175
115 -5.625672e+00 19175
116 -5.626008e+00 19175
117 -5.626350e+00 19175
118 -5.626698e+00 19175
119 -5.627052e+00 19175
120 -5.627414e+00 19175
121 -5.627782e+00 19175
122 -5.628156e+00 19175
123 -5.628538e+00 19175
124 -5.628926e+00 19175
125 -5.629322e+00 19175
126 -5.629724e+00 19175
127 -5.630133e+00 19175
128 -5.630550e+00 19175
129 -5.630973e+00 19175
130 -5.631404e+00 19175
131 -5.631842e+00 19175
132 -5.632288e+00 19175
133 -5.632740e+00 19175
134 -5.633200e+00 19175
135 -5.633668e+00 19175
136 -5.634142e+00 19175
137 -5.634625e+00 19175
138 -5.635114e+00 19175
139 -5.635612e+00 19175
140 -5.636116e+00 19175
141 -5.636629e+00 19175
142 -5.637148e+00 19175
143 -5.637676e+00 19175
144 -5.638211e+00 19175
145 -5.638753e+00 19175
146 -5.639303e+00 19175
147 -5.639861e+00 19175
148 -5.640426e+00 19175
149 -5.640999e+00 19175
150 -5.641580e+00 19175
151 -5.642168e+00 19175
152 -5.642763e+00 19175
153 -5.643367e+00 19175
154 -5.643977e+00 19175
155 -5.644596e+00 19175
156 -5.645222e+00 19175
157 -5.645856e+00 19175
158 -5.646497e+00 19175
159 -5.647146e+00 19175
160 -5.647803e+00 19175
161 -5.648467e+00 19175
162 -5.649139e+00 19175
163 -5.649818e+00 19175
164 -5.650506e+00 19175
165 -5.651200e+00 19175
166 -5.651903e+00 19175
167 -5.652613e+00 19175
168 -5.653331e+00 19175
169 -5.654057e+00 19175
170 -5.654790e+00 19175
171 -5.655531e+00 19175
172 -5.656280e+00 19175
173 -5.657036e+00 19175
174 -5.657800e+00 19175
175 -5.658571e+00 19175
176 -5.659350e+00 19175
177 -5.660137e+00 19175
178 -5.660931e+00 19175
179 -5.661732e+00 19175
180 -5.662540e+00 19175
181 -5.663356e+00 19175
182 -5.664179e+00 19175
183 -5.665008e+00 19175
184 -5.665845e+00 19175
185 -5.666688e+00 19175
186 -5.667539e+00 19175
187 -5.668395e+00 19175
188 -5.669258e+00 19175
189 -5.670128e+00 19175
190 -5.671004e+00 19175
191 -5.671885e+00 19175
192 -5.672773e+00 19175
193 -5.673667e+00 19175
194 -5.674566e+00 19175
195 -5.675470e+00 19175
196 -5.676380e+00 19175
197 -5.677295e+00 19175
198 -5.678215e+00 19175
199 -5.679140e+00 19175
200 -5.680069e+00 19175
201 -5.681003e+00 19175
202 -5.681941e+00 19175
203 -5.682883e+00 19175
204 -5.683829e+00 19175
205 -5.684779e+00 19175
206 -5.685733e+00 19175
207 -5.686690e+00 19175
208 -5.687650e+00 19175
209 -5.688613e+00 19175
210 -5.689579e+00 19175
211 -5.690547e+00 19175
212 -5.691518e+00 19175
213 -5.692491e+00 19175
214 -5.693467e+00 19175
215 -5.694444e+00 19175
216 -5.695422e+00 19175
217 -5.696402e+00 19175
218 -5.697384e+00 19175
219 -5.698366e+00 19175
220 -5.699349e+00 19175
221 -5.700333e+00 19175
222 -5.701317e+00 19175
223 -5.702302e+00 19175
224 -5.703286e+00 19175
225 -5.704270e+00 19175
226 -5.705254e+00 19175
227 -5.706237e+00 19175
228 -5.707220e+00 19175
229 -5.708201e+00 19175
230 -5.709181e+00 19175
231 -5.710160e+00 19175
232 -5.711137e+00 19175
233 -5.712112e+00 19175
234 -5.713086e+00 19175
235 -5.714057e+00 19175
236 -5.715025e+00 19175
237 -5.715991e+00 19175
238 -5.716954e+00 19175
239 -5.717914e+00 19175
240 -5.718871e+00 19175
241 -5.719825e+00 19175
242 -5.720774e+00 19175
243 -5.721720e+00 19175
244 -5.722662e+00 19175
245 -5.723600e+00 19175
246 -5.724534e+00 19175
247 -5.725463e+00 19175
248 -5.726387e+00 19175
249 -5.727306e+00 19175
250 -5.728220e+00 19175
251 -5.729129e+00 19175
252 -5.730033e+00 19175
253 -5.730931e+00 19175
254 -5.731823e+00 19175
255 -5.732709e+00 19175
256 -5.733589e+00 19175
257 -5.734463e+00 19175
258 -5.735331e+00 19175
259 -5.736191e+00 19175
260 -5.737046e+00 19175
261 -5.737893e+00 19175
262 -5.738734e+00 19175
263 -5.739567e+00 19175
264 -5.740393e+00 19175
265 -5.741211e+00 19175
266 -5.742023e+00 19175
267 -5.742826e+00 19175
268 -5.743622e+00 19175
269 -5.744410e+00 19175
270 -5.745189e+00 19175
271 -5.745961e+00 19175
272 -5.746725e+00 19175
273 -5.747480e+00 19175
274 -5.748226e+00 19175
275 -5.748965e+00 19175
276 -5.749694e+00 19175
277 -5.750415e+00 19175
278 -5.751127e+00 19175
279 -5.751831e+00 19175
280 -5.752525e+00 19175
281 -5.753211e+00 19175
282 -5.753887e+00 19175
283 -5.754555e+00 19175
284 -5.755213e+00 19175
285 -5.755862e+00 19175
286 -5.756501e+00 19175
287 -5.757132e+00 19175
288 -5.757753e+00 19175
289 -5.758365e+00 19175
290 -5.758967e+00 19175
291 -5.759560e+00 19175
292 -5.760144e+00 19175
293 -5.760718e+00 19175
294 -5.761282e+00 19175
295 -5.761838e+00 19175
296 -5.762383e+00 19175
297 -5.762920e+00 19175
298 -5.763447e+00 19175
299 -5.763964e+00 19175
300 -5.764472e+00 19175
301 -5.764971e+00 19175
302 -5.765461e+00 19175
303 -5.765941e+00 19175
304 -5.766412e+00 19175
305 -5.766874e+00 19175
306 -5.767327e+00 19175
307 -5.767770e+00 19175
308 -5.768205e+00 19175
309 -5.768631e+00 19175
310 -5.769048e+00 19175
311 -5.769456e+00 19175
312 -5.769855e+00 19175
313 -5.770246e+00 19175
314 -5.770628e+00 19175
315 -5.771001e+00 19175
316 -5.771367e+00 19175
317 -5.771724e+00 19175
318 -5.772073e+00 19175
319 -5.772414e+00 19175
320 -5.772747e+00 19175
321 -5.773072e+00 19175
322 -5.773389e+00 19175
323 -5.773699e+00 19175
324 -5.774001e+00 19175
325 -5.774297e+00 19175
326 -5.774585e+00 19175
327 -5.774866e+00 19175
328 -5.775140e+00 19175
329 -5.775407e+00 19175
330 -5.775668e+00 19175
331 -5.775922e+00 19175
332 -5.776170e+00 19175
333 -5.776412e+00 19175
334 -5.776648e+00 19175
335 -5.776878e+00 19175
336 -5.777102e+00 19175
337 -5.777321e+00 19175
338 -5.777535e+00 19175
339 -5.777743e+00 19175
340 -5.777947e+00 19175
341 -5.778146e+00 19175
342 -5.778340e+00 19175
343 -5.778530e+00 19175
344 -5.778715e+00 19175
345 -5.778897e+00 19175
346 -5.779074e+00 19175
347 -5.779248e+00 19175
348 -5.779418e+00 19175
349 -5.779586e+00 19175
350 -5.779750e+00 19175
351 -5.779911e+00 19175
352 -5.780069e+00 19175
353 -5.780225e+00 19175
354 -5.780378e+00 19175
355 -5.780530e+00 19175
356 -5.780679e+00 19175
357 -5.780827e+00 19175
358 -5.780973e+00 19175
359 -5.781117e+00 19175
360 -5.781261e+00 19175
361 -5.781404e+00 19175
362 -5.781545e+00 19175
363 -5.781687e+00 19175
364 -5.781828e+00 19175
365 -5.781968e+00 19175
366 -5.782109e+00 19175
367 -5.782250e+00 19175
368 -5.782391e+00 19175
369 -5.782533e+00 19175
370 -5.782676e+00 19175
371 -5.782820e+00 19175
372 -5.782965e+00 19175
373 -5.783111e+00 19175
374 -5.783259e+00 19175
375 -5.783409e+00 19175
376 -5.783560e+00 19175
377 -5.783714e+00 19175
378 -5.783870e+00 19175
379 -5.784028e+00 19175
380 -5.784190e+00 19175
381 -5.784354e+00 19175
382 -5.784521e+00 19175
383 -5.784691e+00 19175
384 -5.784865e+00 19175
385 -5.785042e+00 19175
386 -5.785223e+00 19175
387 -5.785408e+00 19175
388 -5.785597e+00 19175
389 -5.785790e+00 19175
390 -5.785988e+00 19175
391 -5.786190e+00 19175
392 -5.786397e+00 19175
393 -5.786609e+00 19175
394 -5.786826e+00 19175
395 -5.787048e+00 19175
396 -5.787275e+00 19175
397 -5.787509e+00 19175
398 -5.787747e+00 19175
399 -5.787992e+00 19175
400 -5.788242e+00 19175
401 -5.788499e+00 19175
402 -5.788762e+00 19175
403 -5.789031e+00 19175
404 -5.789307e+00 19175
405 -5.789590e+00 19175
406 -5.789879e+00 19175
407 -5.790176e+00 19175
408 -5.790479e+00 19175
409 -5.790790e+00 19175
410 -5.791108e+00 19175
411 -5.791433e+00 19175
412 -5.791766e+00 19175
413 -5.792107e+00 19175
414 -5.792455e+00 19175
415 -5.792812e+00 19175
416 -5.793176e+00 19175
417 -5.793549e+00 19175
418 -5.793930e+00 19175
419 -5.794319e+00 19175
420 -5.794717e+00 19175
421 -5.795123e+00 19175
422 -5.795538e+00 19175
423 -5.795961e+00 19175
424 -5.796394e+00 19175
425 -5.796835e+00 19175
426 -5.797285e+00 19175
427 -5.797744e+00 19175
428 -5.798212e+00 19175
429 -5.798689e+00 19175
430 -5.799175e+00 19175
431 -5.799671e+00 19175
432 -5.800176e+00 19175
433 -5.800690e+00 19175
434 -5.801213e+00 19175
435 -5.801746e+00 19175
436 -5.802288e+00 19175
437 -5.802839e+00 19175
438 -5.803400e+00 19175
439 -5.803971e+00 19175
440 -5.804551e+00 19175
441 -5.805140e+00 19175
442 -5.805739e+00 19175
443 -5.806347e+00 19175
444 -5.806965e+00 19175
445 -5.807592e+00 19175
446 -5.808228e+00 19175
447 -5.808874e+00 19175
448 -5.809529e+00 19175
449 -5.810194e+00 19175
450 -5.810868e+00 19175
451 -5.811551e+00 19175
452 -5.812243e+00 19175
453 -5.812945e+00 19175
454 -5.813656e+00 19175
455 -5.814375e+00 19175
456 -5.815104e+00 19175
457 -5.815842e+00 19175
458 -5.816588e+00 19175
459 -5.817344e+00 19175
460 -5.818108e+00 19175
461 -5.818881e+00 19175
462 -5.819662e+00 19175
463 -5.820452e+00 19175
464 -5.821251e+00 19175
465 -5.822057e+00 19175
466 -5.822872e+00 19175
467 -5.823696e+00 19175
468 -5.824527e+00 19175
469 -5.825366e+00 19175
470 -5.826213e+00 19175
471 -5.827068e+00 19175
472 -5.827930e+00 19175
473 -5.828800e+00 19175
474 -5.829677e+00 19175
475 -5.830562e+00 19175
476 -5.831453e+00 19175
477 -5.832352e+00 19175
478 -5.833258e+00 19175
479 -5.834170e+00 19175
480 -5.835089e+00 19175
481 -5.836014e+00 19175
482 -5.836946e+00 19175
483 -5.837884e+00 19175
484 -5.838828e+00 19175
485 -5.839777e+00 19175
486 -5.840733e+00 19175
487 -5.841694e+00 19175
488 -5.842660e+00 19175
489 -5.843632e+00 19175
490 -5.844609e+00 19175
491 -5.845590e+00 19175
492 -5.846577e+00 19175
493 -5.847568e+00 19175
494 -5.848563e+00 19175
495 -5.849562e+00 19175
496 -5.850566e+00 19175
497 -5.851573e+00 19175
498 -5.852584e+00 19175
499 -5.853598e+00 19175
500 -5.854616e+00 19175

