0 -7.663741e+00 17178
1 -7.664307e+00 17178
2 -7.664864e+00 17178
3 -7.665413e+00 17178
4 -7.665953e+00 17178
5 -7.666483e+00 17178
6 -7.667004e+00 17178
7 -7.667516e+00 17178
8 -7.668018e+00 17178
9 -7.668510e+00 17178
10 -7.668992e+00 17178
11 -7.669464e+00 17178
12 -7.669927e+00 17178
13 -7.670380e+00 17178
14 -7.670824e+00 17178
15 -7.671258e+00 17178
16 -7.671683e+00 17178
17 -7.672098e+00 17178
18 -7.672505e+00 17178
19 -7.672903e+00 17178
20 -7.673291e+00 17178
21 -7.673671e+00 17178
22 -7.674043e+00 17178
23 -7.674406e+00 17178
24 -7.674761e+00 17178
25 -7.675108e+00 17178
26 -7.675447e+00 17178
27 -7.675779e+00 17178
28 -7.676102e+00 17178
29 -7.676419e+00 17178
30 -7.676728e+00 17178
31 -7.677030e+00 17178
32 -7.677325e+00 17178
33 -7.677613e+00 17178
34 -7.677895e+00 17178
35 -7.678170e+00 17178
36 -7.678439e+00 17178
37 -7.678702e+00 17178
38 -7.678959e+00 17178
39 -7.679211e+00 17178
40 -7.679457e+00 17178
41 -7.679698e+00 17178
42 -7.679933e+00 17178
43 -7.680164e+00 17178
44 -7.680390e+00 17178
45 -7.680612e+00 17178
46 -7.680829e+00 17178
47 -7.681042e+00 17178
48 -7.681251e+00 17178
49 -7.681456e+00 17178
50 -7.681658e+00 17178
51 -7.681856e+00 17178
52 -7.682051e+00 17178
53 -7.682244e+00 17178
54 -7.682433e+00 17178
55 -7.682620e+00 17178
56 -7.682805e+00 17178
57 -7.682987e+00 17178
58 -7.683168e+00 17178
59 -7.683346e+00 17178
60 -7.683523e+00 17178
61 -7.683699e+00 17178
62 -7.683874e+00 17178
63 -7.684048e+00 17178
64 -7.684221e+00 17178
65 -7.684393e+00 17178
66 -7.684565e+00 17178
67 -7.684737e+00 17178
68 -7.684909e+00 17178
69 -7.685081e+00 17178
70 -7.685254e+00 17178
71 -7.685427e+00 17178
72 -7.685601e+00 17178
73 -7.685776e+00 17178
74 -7.685952e+00 17178
75 -7.686130e+00 17178
76 -7.686309e+00 17178
77 -7.686490e+00 17178
78 -7.686673e+00 17178
79 -7.686858e+00 17178
80 -7.687045e+00 17178
81 -7.687235e+00 17178
82 -7.687427e+00 17178
83 -7.687622e+00 17178
84 -7.687820e+00 17178
85 -7.688022e+00 17178
86 -7.688226e+00 17178
87 -7.688434e+00 17178
88 -7.688646e+00 17178
89 -7.688862e+00 17178
90 -7.689081e+00 17178
91 -7.689305e+00 17178
92 -7.689533e+00 17178
93 -7.689766e+00 17178
94 -7.690003e+00 17178
95 -7.690244e+00 17178
96 -7.690491e+00 17178
97 -7.690742e+00 17178
98 -7.690999e+00 17178
99 -7.691261e+00 17178
100 -7.691529e+00 17178
101 -7.691802e+00 17178
102 -7.692080e+00 17178
103 -7.692365e+00 17178
104 -7.692655e+00 17178
105 -7.692952e+00 17178
106 -7.693254e+00 17178
107 -7.693563e+00 17178
108 -7.693878e+00 17178
109 -7.694200e+00 17178
110 -7.694528e+00 17178
111 -7.694863e+00 17178
112 -7.695205e+00 17178
113 -7.695553e+00 17178
114 -7.695909e+00 17178
115 -7.696271e+00 17178
116 -7.696641e+00 17178
117 -7.697018e+00 17178
118 -7.697402e+00 17178
119 -7.697794e+00 17178
120 -7.698193e+00 17178
121 -7.698600e+00 17178
122 -7.699014e+00 17178
123 -7.699436e+00 17178
124 -7.699865e+00 17178
125 -7.700303e+00 17178
126 -7.700748e+00 17178
127 -7.701201e+00 17178
128 -7.701662e+00 17178
129 -7.702131e+00 17178
130 -7.702607e+00 17178
131 -7.703092e+00 17178
132 -7.703585e+00 17178
133 -7.704087e+00 17178
134 -7.704596e+00 17178
135 -7.705113e+00 17178
136 -7.705639e+00 17178
137 -7.706173e+00 17178
138 -7.706715e+00 17178
139 -7.707265e+00 17178
140 -7.707823e+00 17178
141 -7.708390e+00 17178
142 -7.708965e+00 17178
143 -7.709548e+00 17178
144 -7.710140e+00 17178
145 -7.710739e+00 17178
146 -7.711347e+00 17178
147 -7.711963e+00 17178
148 -7.712588e+00 17178
149 -7.713220e+00 17178
150 -7.713860e+00 17178
151 -7.714509e+00 17178
152 -7.715166e+00 17178
153 -7.715830e+00 17178
154 -7.716503e+00 17178
155 -7.717183e+00 17178
156 -7.717872e+00 17178
157 -7.718568e+00 17178
158 -7.719272e+00 17178
159 -7.719984e+00 17178
160 -7.720703e+00 17178
161 -7.721430e+00 17178
162 -7.722165e+00 17178
163 -7.722907e+00 17178
164 -7.723656e+00 17178
165 -7.724413e+00 17178
166 -7.725177e+00 17178
167 -7.725948e+00 17178
168 -7.726726e+00 17178
169 -7.727512e+00 17178
170 -7.728304e+00 17178
171 -7.729103e+00 17178
172 -7.729909e+00 17178
173 -7.730722e+00 17178
174 -7.731542e+00 17178
175 -7.732368e+00 17178
176 -7.733200e+00 17178
177 -7.734039e+00 17178
178 -7.734884e+00 17178
179 -7.735735e+00 17178
180 -7.736593e+00 17178
181 -7.737456e+00 17178
182 -7.738325e+00 17178
183 -7.739200e+00 17178
184 -7.740081e+00 17178
185 -7.740967e+00 17178
186 -7.741859e+00 17178
187 -7.742755e+00 17178
188 -7.743657e+00 17178
189 -7.744564e+00 17178
190 -7.745476e+00 17178
191 -7.746393e+00 17178
192 -7.747314e+00 17178
193 -7.748240e+00 17178
194 -7.749170e+00 17178
195 -7.750104e+00 17178
196 -7.751042e+00 17178
197 -7.751985e+00 17178
198 -7.752930e+00 17178
199 -7.753880e+00 17178
200 -7.754832e+00 17178
201 -7.755788e+00 17178
202 -7.756747e+00 17178
203 -7.757709e+00 17178
204 -7.758674e+00 17178
205 -7.759641e+00 17178
206 -7.760610e+00 17178
207 -7.761582e+00 17178
208 -7.762555e+00 17178
209 -7.763531e+00 17178
210 -7.764508e+00 17178
211 -7.765486e+00 17178
212 -7.766465e+00 17178
213 -7.767446e+00 17178
214 -7.768427e+00 17178
215 -7.769409e+00 17178
216 -7.770392e+00 17178
217 -7.771375e+00 17178
218 -7.772357e+00 17178
219 -7.773340e+00 17178
220 -7.774322e+00 17178
221 -7.775304e+00 17178
222 -7.776285e+00 17178
223 -7.777265e+00 17178
224 -7.778244e+00 17178
225 -7.779221e+00 17178
226 -7.780197e+00 17178
227 -7.781172e+00 17178
228 -7.782144e+00 17178
229 -7.783114e+00 17178
230 -7.784082e+00 17178
231 -7.785047e+00 17178
232 -7.786010e+00 17178
233 -7.786970e+00 17178
234 -7.787927e+00 17178
235 -7.788880e+00 17178
236 -7.789831e+00 17178
237 -7.790777e+00 17178
238 -7.791720e+00 17178
239 -7.792659e+00 17178
240 -7.793594e+00 17178
241 -7.794525e+00 17178
242 -7.795451e+00 17178
243 -7.796373e+00 17178
244 -7.797290e+00 17178
245 -7.798202e+00 17178
246 -7.799109e+00 17178
247 -7.800012e+00 17178
248 -7.800909e+00 17178
249 -7.801800e+00 17178
250 -7.802686e+00 17178
251 -7.803567e+00 17178
252 -7.804442e+00 17178
253 -7.805311e+00 17178
254 -7.806174e+00 17178
255 -7.807030e+00 17178
256 -7.807881e+00 17178
257 -7.808726e+00 17178
258 -7.809564e+00 17178
259 -7.810396e+00 17178
260 -7.811221e+00 17178
261 -7.812039e+00 17178
262 -7.812851e+00 17178
263 -7.813656e+00 17178
264 -7.814455e+00 17178
265 -7.815246e+00 17178
266 -7.816030e+00 17178
267 -7.816807e+00 17178
268 -7.817577e+00 17178
269 -7.818340e+00 17178
270 -7.819096e+00 17178
271 -7.819844e+00 17178
272 -7.820585e+00 17178
273 -7.821318e+00 17178
274 -7.822044e+00 17178
275 -7.822762e+00 17178
276 -7.823473e+00 17178
277 -7.824176e+00 17178
278 -7.824871e+00 17178
279 -7.825559e+00 17178
280 -7.826239e+00 17178
281 -7.826912e+00 17178
282 -7.827576e+00 17178
283 -7.828233e+00 17178
284 -7.828882e+00 17178
285 -7.829523e+00 17178
286 -7.830156e+00 17178
287 -7.830782e+00 17178
288 -7.831399e+00 17178
289 -7.832009e+00 17178
290 -7.832611e+00 17178
291 -7.833205e+00 17178
292 -7.833791e+00 17178
293 -7.834370e+00 17178
294 -7.834940e+00 17178
295 -7.835503e+00 17178
296 -7.836058e+00 17178
297 -7.836605e+00 17178
298 -7.837144e+00 17178
299 -7.837676e+00 17178
300 -7.838200e+00 17178
301 -7.838716e+00 17178
302 -7.839225e+00 17178
303 -7.839726e+00 17178
304 -7.840220e+00 17178
305 -7.840706e+00 17178
306 -7.841185e+00 17178
307 -7.841656e+00 17178
308 -7.842120e+00 17178
309 -7.842577e+00 17178
310 -7.843027e+00 17178
311 -7.843469e+00 17178
312 -7.843905e+00 17178
313 -7.844333e+00 17178
314 -7.844754e+00 17178
315 -7.845169e+00 17178
316 -7.845577e+00 17178
317 -7.845978e+00 17178
318 -7.846373e+00 17178
319 -7.846761e+00 17178
320 -7.847143e+00 17178
321 -7.847518e+00 17178
322 -7.847887e+00 17178
323 -7.848250e+00 17178
324 -7.848607e+00 17178
325 -7.848958e+00 17178
326 -7.849303e+00 17178
327 -7.849642e+00 17178
328 -7.849976e+00 17178
329 -7.850305e+00 17178
330 -7.850628e+00 17178
331 -7.850945e+00 17178
332 -7.851258e+00 17178
333 -7.851565e+00 17178
334 -7.851868e+00 17178
335 -7.852166e+00 17178
336 -7.852459e+00 17178
337 -7.852748e+00 17178
338 -7.853032e+00 17178
339 -7.853313e+00 17178
340 -7.853589e+00 17178
341 -7.853861e+00 17178
342 -7.854129e+00 17178
343 -7.854394e+00 17178
344 -7.854655e+00 17178
345 -7.854913e+00 17178
346 -7.855167e+00 17178
347 -7.855419e+00 17178
348 -7.855667e+00 17178
349 -7.855913e+00 17178
350 -7.856156e+00 17178
351 -7.856397e+00 17178
352 -7.856636e+00 17178
353 -7.856872e+00 17178
354 -7.857107e+00 17178
355 -7.857339e+00 17178
356 -7.857570e+00 17178
357 -7.857800e+00 17178
358 -7.858028e+00 17178
359 -7.858255e+00 17178
360 -7.858481e+00 17178
361 -7.858707e+00 17178
362 -7.858931e+00 17178
363 -7.859156e+00 17178
364 -7.859380e+00 17178
365 -7.859604e+00 17178
366 -7.859827e+00 17178
367 -7.860052e+00 17178
368 -7.860276e+00 17178
369 -7.860501e+00 17178
370 -7.860727e+00 17178
371 -7.860953e+00 17178
372 -7.861181e+00 17178
373 -7.861409e+00 17178
374 -7.861640e+00 17178
375 -7.861871e+00 17178
376 -7.862104e+00 17178
377 -7.862339e+00 17178
378 -7.862577e+00 17178
379 -7.862816e+00 17178
380 -7.863057e+00 17178
381 -7.863301e+00 17178
382 -7.863548e+00 17178
383 -7.863797e+00 17178
384 -7.864049e+00 17178
385 -7.864304e+00 17178
386 -7.864562e+00 17178
387 -7.864824e+00 17178
388 -7.865089e+00 17178
389 -7.865357e+00 17178
390 -7.865629e+00 17178
391 -7.865905e+00 17178
392 -7.866185e+00 17178
393 -7.866469e+00 17178
394 -7.866757e+00 17178
395 -7.867050e+00 17178
396 -7.867347e+00 17178
397 -7.867648e+00 17178
398 -7.867954e+00 17178
399 -7.868265e+00 17178
400 -7.868581e+00 17178
401 -7.868902e+00 17178
402 -7.869228e+00 17178
403 -7.869559e+00 17178
404 -7.869895e+00 17178
405 -7.870237e+00 17178
406 -7.870584e+00 17178
407 -7.870937e+00 17178
408 -7.871295e+00 17178
409 -7.871659e+00 17178
410 -7.872030e+00 17178
411 -7.872406e+00 17178
412 -7.872788e+00 17178
413 -7.873176e+00 17178
414 -7.873571e+00 17178
415 -7.873972e+00 17178
416 -7.874379e+00 17178
417 -7.874793e+00 17178
418 -7.875213e+00 17178
419 -7.875640e+00 17178
420 -7.876073e+00 17178
421 -7.876514e+00 17178
422 -7.876961e+00 17178
423 -7.877416e+00 17178
424 -7.877877e+00 17178
425 -7.878345e+00 17178
426 -7.878821e+00 17178
427 -7.879304e+00 17178
428 -7.879794e+00 17178
429 -7.880291e+00 17178
430 -7.880796e+00 17178
431 -7.881308e+00 17178
432 -7.881828e+00 17178
433 -7.882355e+00 17178
434 -7.882890e+00 17178
435 -7.883433e+00 17178
436 -7.883983e+00 17178
437 -7.884541e+00 17178
438 -7.885107e+00 17178
439 -7.885681e+00 17178
440 -7.886262e+00 17178
441 -7.886851e+00 17178
442 -7.887449e+00 17178
443 -7.888054e+00 17178
444 -7.888667e+00 17178
445 -7.889288e+00 17178
446 -7.889917e+00 17178
447 -7.890554e+00 17178
448 -7.891199e+00 17178
449 -7.891851e+00 17178
450 -7.892512e+00 17178
451 -7.893181e+00 17178
452 -7.893857e+00 17178
453 -7.894542e+00 17178
454 -7.895234e+00 17178
455 -7.895935e+00 17178
456 -7.896643e+00 17178
457 -7.897359e+00 17178
458 -7.898083e+00 17178
459 -7.898814e+00 17178
460 -7.899553e+00 17178
461 -7.900300e+00 17178
462 -7.901054e+00 17178
463 -7.901816e+00 17178
464 -7.902586e+00 17178
465 -7.903362e+00 17178
466 -7.904147e+00 17178
467 -7.904938e+00 17178
468 -7.905737e+00 17178
469 -7.906543e+00 17178
470 -7.907356e+00 17178
471 -7.908176e+00 17178
472 -7.909002e+00 17178
473 -7.909836e+00 17178
474 -7.910676e+00 17178
475 -7.911524e+00 17178
476 -7.912377e+00 17178
477 -7.913237e+00 17178
478 -7.914104e+00 17178
479 -7.914976e+00 17178
480 -7.915855e+00 17178
481 -7.916740e+00 17178
482 -7.917631e+00 17178
483 -7.918527e+00 17178
484 -7.919429e+00 17178
485 -7.920337e+00 17178
486 -7.921250e+00 17178
487 -7.922168e+00 17178
488 -7.923092e+00 17178
489 -7.924021e+00 17178
490 -7.924954e+00 17178
491 -7.925892e+00 17178
492 -7.926835e+00 17178
493 -7.927782e+00 17178
494 -7.928734e+00 17178
495 -7.929690e+00 17178
496 -7.930650e+00 17178
497 -7.931614e+00 17178
498 -7.932581e+00 17178
499 -7.933552e+00 17178
500 -7.934526e+00 17178