#epsilon= 2.597845e-02  dim= 2
0 -7.734325e+00 19685
1 -7.618781e+00 19685
2 -7.456446e+00 19685
3 -7.310679e+00 19685
4 -7.179840e+00 19685
5 -7.060776e+00 19685
6 -6.951515e+00 19685
7 -6.850737e+00 19685
8 -6.757435e+00 19685
9 -6.670770e+00 19685
10 -6.590022e+00 19685
11 -6.514563e+00 19685
12 -6.443845e+00 19685
13 -6.377390e+00 19685
14 -6.314778e+00 19685
15 -6.255634e+00 19685
16 -6.199626e+00 19685
17 -6.146494e+00 19685
18 -6.095992e+00 19685
19 -6.047886e+00 19685
20 -6.002012e+00 19685
21 -5.958159e+00 19685
22 -5.916102e+00 19685
23 -5.875690e+00 19685
24 -5.836927e+00 19685
25 -5.799679e+00 19685
26 -5.763840e+00 19685
27 -5.729339e+00 19685
28 -5.696054e+00 19685
29 -5.663945e+00 19685
30 -5.632946e+00 19685
31 -5.602973e+00 19685
32 -5.573989e+00 19685
33 -5.545948e+00 19685
34 -5.518753e+00 19685
35 -5.492345e+00 19685
36 -5.466694e+00 19685
37 -5.441811e+00 19685
38 -5.417677e+00 19685
39 -5.394203e+00 19685
40 -5.371377e+00 19685
41 -5.349206e+00 19685
42 -5.327612e+00 19685
43 -5.306579e+00 19685
44 -5.286127e+00 19685
45 -5.266179e+00 19685
46 -5.246731e+00 19685
47 -5.227801e+00 19685
48 -5.209309e+00 19685
49 -5.191273e+00 19685
50 -5.173699e+00 19685

#epsilon= 4.619694e-02  dim= 2
0 -7.226903e+00 19800
1 -7.142701e+00 19800
2 -7.013082e+00 19800
3 -6.891395e+00 19800
4 -6.779586e+00 19800
5 -6.675911e+00 19800
6 -6.579109e+00 19800
7 -6.488390e+00 19800
8 -6.403201e+00 19800
9 -6.323093e+00 19800
10 -6.247663e+00 19800
11 -6.176541e+00 19800
12 -6.109380e+00 19800
13 -6.045859e+00 19800
14 -5.985683e+00 19800
15 -5.928580e+00 19800
16 -5.874305e+00 19800
17 -5.822635e+00 19800
18 -5.773370e+00 19800
19 -5.726327e+00 19800
20 -5.681343e+00 19800
21 -5.638268e+00 19800
22 -5.596968e+00 19800
23 -5.557323e+00 19800
24 -5.519221e+00 19800
25 -5.482564e+00 19800
26 -5.447259e+00 19800
27 -5.413224e+00 19800
28 -5.380383e+00 19800
29 -5.348667e+00 19800
30 -5.318012e+00 19800
31 -5.288360e+00 19800
32 -5.259657e+00 19800
33 -5.231854e+00 19800
34 -5.204906e+00 19800
35 -5.178771e+00 19800
36 -5.153410e+00 19800
37 -5.128787e+00 19800
38 -5.104871e+00 19800
39 -5.081634e+00 19800
40 -5.059051e+00 19800
41 -5.037103e+00 19800
42 -5.015726e+00 19800
43 -4.994850e+00 19800
44 -4.974420e+00 19800
45 -4.954541e+00 19800
46 -4.935183e+00 19800
47 -4.916317e+00 19800
48 -4.897923e+00 19800
49 -4.879982e+00 19800
50 -4.862477e+00 19800

#epsilon= 8.215106e-02  dim= 2
0 -6.725464e+00 19832
1 -6.680428e+00 19832
2 -6.596915e+00 19832
3 -6.509446e+00 19832
4 -6.424484e+00 19832
5 -6.342937e+00 19832
6 -6.264793e+00 19832
7 -6.189944e+00 19832
8 -6.118299e+00 19832
9 -6.049771e+00 19832
10 -5.984263e+00 19832
11 -5.921664e+00 19832
12 -5.861849e+00 19832
13 -5.804682e+00 19832
14 -5.750023e+00 19832
15 -5.697734e+00 19832
16 -5.647674e+00 19832
17 -5.599713e+00 19832
18 -5.553721e+00 19832
19 -5.509581e+00 19832
20 -5.467179e+00 19832
21 -5.426411e+00 19832
22 -5.387180e+00 19832
23 -5.349393e+00 19832
24 -5.312969e+00 19832
25 -5.277828e+00 19832
26 -5.243900e+00 19832
27 -5.211116e+00 19832
28 -5.179417e+00 19832
29 -5.148744e+00 19832
30 -5.119044e+00 19832
31 -5.090268e+00 19832
32 -5.062372e+00 19832
33 -5.035311e+00 19832
34 -5.009046e+00 19832
35 -4.983542e+00 19832
36 -4.958763e+00 19832
37 -4.934676e+00 19832
38 -4.911254e+00 19832
39 -4.888466e+00 19832
40 -4.866288e+00 19832
41 -4.844693e+00 19832
42 -4.823661e+00 19832
43 -4.803167e+00 19832
44 -4.783194e+00 19832
45 -4.763720e+00 19832
46 -4.744728e+00 19832
47 -4.726202e+00 19832
48 -4.708126e+00 19832
49 -4.690484e+00 19832
50 -4.673262e+00 19832

#epsilon= 1.460875e-01  dim= 2
0 -6.216023e+00 19867
1 -6.197671e+00 19867
2 -6.154801e+00 19867
3 -6.102547e+00 19867
4 -6.047214e+00 19867
5 -5.991145e+00 19867
6 -5.935312e+00 19867
7 -5.880177e+00 19867
8 -5.826002e+00 19867
9 -5.772963e+00 19867
10 -5.721181e+00 19867
11 -5.670744e+00 19867
12 -5.621707e+00 19867
13 -5.574100e+00 19867
14 -5.527933e+00 19867
15 -5.483198e+00 19867
16 -5.439875e+00 19867
17 -5.397935e+00 19867
18 -5.357339e+00 19867
19 -5.318047e+00 19867
20 -5.280012e+00 19867
21 -5.243188e+00 19867
22 -5.207529e+00 19867
23 -5.172988e+00 19867
24 -5.139517e+00 19867
25 -5.107073e+00 19867
26 -5.075612e+00 19867
27 -5.045093e+00 19867
28 -5.015475e+00 19867
29 -4.986720e+00 19867
30 -4.958792e+00 19867
31 -4.931657e+00 19867
32 -4.905282e+00 19867
33 -4.879635e+00 19867
34 -4.854689e+00 19867
35 -4.830414e+00 19867
36 -4.806785e+00 19867
37 -4.783777e+00 19867
38 -4.761366e+00 19867
39 -4.739530e+00 19867
40 -4.718248e+00 19867
41 -4.697501e+00 19867
42 -4.677269e+00 19867
43 -4.657535e+00 19867
44 -4.638281e+00 19867
45 -4.619493e+00 19867
46 -4.601155e+00 19867
47 -4.583252e+00 19867
48 -4.565773e+00 19867
49 -4.548703e+00 19867
50 -4.532032e+00 19867

#epsilon= 2.597845e-01  dim= 2
0 -5.699373e+00 19950
1 -5.693077e+00 19950
2 -5.675042e+00 19950
3 -5.649155e+00 19950
4 -5.618439e+00 19950
5 -5.584828e+00 19950
6 -5.549448e+00 19950
7 -5.512992e+00 19950
8 -5.475917e+00 19950
9 -5.438548e+00 19950
10 -5.401127e+00 19950
11 -5.363841e+00 19950
12 -5.326836e+00 19950
13 -5.290229e+00 19950
14 -5.254113e+00 19950
15 -5.218559e+00 19950
16 -5.183623e+00 19950
17 -5.149348e+00 19950
18 -5.115762e+00 19950
19 -5.082885e+00 19950
20 -5.050730e+00 19950
21 -5.019301e+00 19950
22 -4.988598e+00 19950
23 -4.958616e+00 19950
24 -4.929347e+00 19950
25 -4.900781e+00 19950
26 -4.872904e+00 19950
27 -4.845702e+00 19950
28 -4.819161e+00 19950
29 -4.793264e+00 19950
30 -4.767994e+00 19950
31 -4.743335e+00 19950
32 -4.719270e+00 19950
33 -4.695783e+00 19950
34 -4.672857e+00 19950
35 -4.650476e+00 19950
36 -4.628624e+00 19950
37 -4.607286e+00 19950
38 -4.586447e+00 19950
39 -4.566093e+00 19950
40 -4.546209e+00 19950
41 -4.526783e+00 19950
42 -4.507800e+00 19950
43 -4.489249e+00 19950
44 -4.471118e+00 19950
45 -4.453395e+00 19950
46 -4.436070e+00 19950
47 -4.419130e+00 19950
48 -4.402568e+00 19950
49 -4.386373e+00 19950
50 -4.370535e+00 19950

