0 -5.035513e+00 18371
1 -5.035550e+00 18371
2 -5.035571e+00 18371
3 -5.035578e+00 18371
4 -5.035571e+00 18371
5 -5.035549e+00 18371
6 -5.035513e+00 18371
7 -5.035464e+00 18371
8 -5.035401e+00 18371
9 -5.035326e+00 18371
10 -5.035238e+00 18371
11 -5.035137e+00 18371
12 -5.035026e+00 18371
13 -5.034903e+00 18371
14 -5.034769e+00 18371
15 -5.034626e+00 18371
16 -5.034472e+00 18371
17 -5.034310e+00 18371
18 -5.034139e+00 18371
19 -5.033960e+00 18371
20 -5.033773e+00 18371
21 -5.033579e+00 18371
22 -5.033379e+00 18371
23 -5.033172e+00 18371
24 -5.032960e+00 18371
25 -5.032743e+00 18371
26 -5.032521e+00 18371
27 -5.032295e+00 18371
28 -5.032065e+00 18371
29 -5.031832e+00 18371
30 -5.031596e+00 18371
31 -5.031358e+00 18371
32 -5.031117e+00 18371
33 -5.030875e+00 18371
34 -5.030632e+00 18371
35 -5.030388e+00 18371
36 -5.030143e+00 18371
37 -5.029897e+00 18371
38 -5.029652e+00 18371
39 -5.029407e+00 18371
40 -5.029163e+00 18371
41 -5.028919e+00 18371
42 -5.028676e+00 18371
43 -5.028435e+00 18371
44 -5.028195e+00 18371
45 -5.027956e+00 18371
46 -5.027719e+00 18371
47 -5.027483e+00 18371
48 -5.027250e+00 18371
49 -5.027018e+00 18371
50 -5.026788e+00 18371
51 -5.026560e+00 18371
52 -5.026335e+00 18371
53 -5.026111e+00 18371
54 -5.025890e+00 18371
55 -5.025671e+00 18371
56 -5.025454e+00 18371
57 -5.025239e+00 18371
58 -5.025026e+00 18371
59 -5.024815e+00 18371
60 -5.024606e+00 18371
61 -5.024399e+00 18371
62 -5.024193e+00 18371
63 -5.023989e+00 18371
64 -5.023786e+00 18371
65 -5.023585e+00 18371
66 -5.023384e+00 18371
67 -5.023185e+00 18371
68 -5.022986e+00 18371
69 -5.022788e+00 18371
70 -5.022590e+00 18371
71 -5.022392e+00 18371
72 -5.022194e+00 18371
73 -5.021996e+00 18371
74 -5.021796e+00 18371
75 -5.021596e+00 18371
76 -5.021395e+00 18371
77 -5.021191e+00 18371
78 -5.020986e+00 18371
79 -5.020779e+00 18371
80 -5.020569e+00 18371
81 -5.020356e+00 18371
82 -5.020140e+00 18371
83 -5.019920e+00 18371
84 -5.019696e+00 18371
85 -5.019468e+00 18371
86 -5.019236e+00 18371
87 -5.018998e+00 18371
88 -5.018755e+00 18371
89 -5.018507e+00 18371
90 -5.018252e+00 18371
91 -5.017992e+00 18371
92 -5.017724e+00 18371
93 -5.017450e+00 18371
94 -5.017168e+00 18371
95 -5.016879e+00 18371
96 -5.016582e+00 18371
97 -5.016276e+00 18371
98 -5.015963e+00 18371
99 -5.015640e+00 18371
100 -5.015309e+00 18371
101 -5.014969e+00 18371
102 -5.014620e+00 18371
103 -5.014261e+00 18371
104 -5.013893e+00 18371
105 -5.013516e+00 18371
106 -5.013129e+00 18371
107 -5.012733e+00 18371
108 -5.012327e+00 18371
109 -5.011913e+00 18371
110 -5.011489e+00 18371
111 -5.011056e+00 18371
112 -5.010614e+00 18371
113 -5.010164e+00 18371
114 -5.009706e+00 18371
115 -5.009239e+00 18371
116 -5.008765e+00 18371
117 -5.008283e+00 18371
118 -5.007794e+00 18371
119 -5.007298e+00 18371
120 -5.006796e+00 18371
121 -5.006287e+00 18371
122 -5.005772e+00 18371
123 -5.005253e+00 18371
124 -5.004728e+00 18371
125 -5.004198e+00 18371
126 -5.003664e+00 18371
127 -5.003126e+00 18371
128 -5.002584e+00 18371
129 -5.002040e+00 18371
130 -5.001492e+00 18371
131 -5.000942e+00 18371
132 -5.000389e+00 18371
133 -4.999835e+00 18371
134 -4.999279e+00 18371
135 -4.998721e+00 18371
136 -4.998163e+00 18371
137 -4.997603e+00 18371
138 -4.997044e+00 18371
139 -4.996483e+00 18371
140 -4.995923e+00 18371
141 -4.995363e+00 18371
142 -4.994804e+00 18371
143 -4.994244e+00 18371
144 -4.993686e+00 18371
145 -4.993128e+00 18371
146 -4.992571e+00 18371
147 -4.992016e+00 18371
148 -4.991461e+00 18371
149 -4.990907e+00 18371
150 -4.990355e+00 18371
151 -4.989804e+00 18371
152 -4.989254e+00 18371
153 -4.988706e+00 18371
154 -4.988159e+00 18371
155 -4.987613e+00 18371
156 -4.987068e+00 18371
157 -4.986524e+00 18371
158 -4.985981e+00 18371
159 -4.985440e+00 18371
160 -4.984899e+00 18371
161 -4.984359e+00 18371
162 -4.983820e+00 18371
163 -4.983282e+00 18371
164 -4.982744e+00 18371
165 -4.982207e+00 18371
166 -4.981670e+00 18371
167 -4.981134e+00 18371
168 -4.980597e+00 18371
169 -4.980061e+00 18371
170 -4.979524e+00 18371
171 -4.978986e+00 18371
172 -4.978449e+00 18371
173 -4.977910e+00 18371
174 -4.977370e+00 18371
175 -4.976830e+00 18371
176 -4.976288e+00 18371
177 -4.975744e+00 18371
178 -4.975199e+00 18371
179 -4.974652e+00 18371
180 -4.974103e+00 18371
181 -4.973551e+00 18371
182 -4.972997e+00 18371
183 -4.972441e+00 18371
184 -4.971881e+00 18371
185 -4.971319e+00 18371
186 -4.970753e+00 18371
187 -4.970184e+00 18371
188 -4.969611e+00 18371
189 -4.969034e+00 18371
190 -4.968453e+00 18371
191 -4.967867e+00 18371
192 -4.967278e+00 18371
193 -4.966683e+00 18371
194 -4.966084e+00 18371
195 -4.965480e+00 18371
196 -4.964870e+00 18371
197 -4.964255e+00 18371
198 -4.963635e+00 18371
199 -4.963009e+00 18371
200 -4.962377e+00 18371
201 -4.961738e+00 18371
202 -4.961094e+00 18371
203 -4.960444e+00 18371
204 -4.959787e+00 18371
205 -4.959124e+00 18371
206 -4.958454e+00 18371
207 -4.957778e+00 18371
208 -4.957095e+00 18371
209 -4.956406e+00 18371
210 -4.955710e+00 18371
211 -4.955008e+00 18371
212 -4.954300e+00 18371
213 -4.953586e+00 18371
214 -4.952865e+00 18371
215 -4.952139e+00 18371
216 -4.951407e+00 18371
217 -4.950670e+00 18371
218 -4.949927e+00 18371
219 -4.949179e+00 18371
220 -4.948426e+00 18371
221 -4.947669e+00 18371
222 -4.946908e+00 18371
223 -4.946142e+00 18371
224 -4.945373e+00 18371
225 -4.944601e+00 18371
226 -4.943826e+00 18371
227 -4.943047e+00 18371
228 -4.942266e+00 18371
229 -4.941483e+00 18371
230 -4.940698e+00 18371
231 -4.939911e+00 18371
232 -4.939122e+00 18371
233 -4.938332e+00 18371
234 -4.937541e+00 18371
235 -4.936749e+00 18371
236 -4.935957e+00 18371
237 -4.935164e+00 18371
238 -4.934372e+00 18371
239 -4.933579e+00 18371
240 -4.932786e+00 18371
241 -4.931994e+00 18371
242 -4.931203e+00 18371
243 -4.930412e+00 18371
244 -4.929622e+00 18371
245 -4.928833e+00 18371
246 -4.928045e+00 18371
247 -4.927259e+00 18371
248 -4.926473e+00 18371
249 -4.925689e+00 18371
250 -4.924906e+00 18371
251 -4.924125e+00 18371
252 -4.923345e+00 18371
253 -4.922566e+00 18371
254 -4.921789e+00 18371
255 -4.921013e+00 18371
256 -4.920238e+00 18371
257 -4.919465e+00 18371
258 -4.918692e+00 18371
259 -4.917921e+00 18371
260 -4.917151e+00 18371
261 -4.916382e+00 18371
262 -4.915614e+00 18371
263 -4.914846e+00 18371
264 -4.914080e+00 18371
265 -4.913313e+00 18371
266 -4.912548e+00 18371
267 -4.911782e+00 18371
268 -4.911017e+00 18371
269 -4.910252e+00 18371
270 -4.909486e+00 18371
271 -4.908720e+00 18371
272 -4.907954e+00 18371
273 -4.907188e+00 18371
274 -4.906420e+00 18371
275 -4.905652e+00 18371
276 -4.904883e+00 18371
277 -4.904113e+00 18371
278 -4.903341e+00 18371
279 -4.902568e+00 18371
280 -4.901794e+00 18371
281 -4.901018e+00 18371
282 -4.900241e+00 18371
283 -4.899461e+00 18371
284 -4.898680e+00 18371
285 -4.897897e+00 18371
286 -4.897112e+00 18371
287 -4.896324e+00 18371
288 -4.895535e+00 18371
289 -4.894743e+00 18371
290 -4.893950e+00 18371
291 -4.893153e+00 18371
292 -4.892355e+00 18371
293 -4.891555e+00 18371
294 -4.890752e+00 18371
295 -4.889947e+00 18371
296 -4.889140e+00 18371
297 -4.888331e+00 18371
298 -4.887520e+00 18371
299 -4.886706e+00 18371
300 -4.885891e+00 18371
301 -4.885073e+00 18371
302 -4.884254e+00 18371
303 -4.883433e+00 18371
304 -4.882610e+00 18371
305 -4.881785e+00 18371
306 -4.880958e+00 18371
307 -4.880129e+00 18371
308 -4.879299e+00 18371
309 -4.878467e+00 18371
310 -4.877634e+00 18371
311 -4.876799e+00 18371
312 -4.875962e+00 18371
313 -4.875125e+00 18371
314 -4.874286e+00 18371
315 -4.873445e+00 18371
316 -4.872604e+00 18371
317 -4.871762e+00 18371
318 -4.870919e+00 18371
319 -4.870076e+00 18371
320 -4.869233e+00 18371
321 -4.868389e+00 18371
322 -4.867545e+00 18371
323 -4.866702e+00 18371
324 -4.865859e+00 18371
325 -4.865017e+00 18371
326 -4.864176e+00 18371
327 -4.863336e+00 18371
328 -4.862498e+00 18371
329 -4.861662e+00 18371
330 -4.860828e+00 18371
331 -4.859996e+00 18371
332 -4.859167e+00 18371
333 -4.858341e+00 18371
334 -4.857518e+00 18371
335 -4.856699e+00 18371
336 -4.855883e+00 18371
337 -4.855071e+00 18371
338 -4.854263e+00 18371
339 -4.853459e+00 18371
340 -4.852660e+00 18371
341 -4.851865e+00 18371
342 -4.851076e+00 18371
343 -4.850291e+00 18371
344 -4.849511e+00 18371
345 -4.848736e+00 18371
346 -4.847966e+00 18371
347 -4.847202e+00 18371
348 -4.846443e+00 18371
349 -4.845689e+00 18371
350 -4.844941e+00 18371
351 -4.844198e+00 18371
352 -4.843459e+00 18371
353 -4.842726e+00 18371
354 -4.841998e+00 18371
355 -4.841274e+00 18371
356 -4.840554e+00 18371
357 -4.839839e+00 18371
358 -4.839127e+00 18371
359 -4.838418e+00 18371
360 -4.837713e+00 18371
361 -4.837010e+00 18371
362 -4.836309e+00 18371
363 -4.835610e+00 18371
364 -4.834912e+00 18371
365 -4.834215e+00 18371
366 -4.833518e+00 18371
367 -4.832821e+00 18371
368 -4.832123e+00 18371
369 -4.831425e+00 18371
370 -4.830725e+00 18371
371 -4.830023e+00 18371
372 -4.829320e+00 18371
373 -4.828613e+00 18371
374 -4.827905e+00 18371
375 -4.827194e+00 18371
376 -4.826480e+00 18371
377 -4.825763e+00 18371
378 -4.825043e+00 18371
379 -4.824320e+00 18371
380 -4.823595e+00 18371
381 -4.822866e+00 18371
382 -4.822135e+00 18371
383 -4.821401e+00 18371
384 -4.820664e+00 18371
385 -4.819924e+00 18371
386 -4.819182e+00 18371
387 -4.818436e+00 18371
388 -4.817688e+00 18371
389 -4.816937e+00 18371
390 -4.816183e+00 18371
391 -4.815427e+00 18371
392 -4.814668e+00 18371
393 -4.813907e+00 18371
394 -4.813143e+00 18371
395 -4.812377e+00 18371
396 -4.811608e+00 18371
397 -4.810838e+00 18371
398 -4.810065e+00 18371
399 -4.809291e+00 18371
400 -4.808515e+00 18371
401 -4.807737e+00 18371
402 -4.806958e+00 18371
403 -4.806177e+00 18371
404 -4.805395e+00 18371
405 -4.804612e+00 18371
406 -4.803828e+00 18371
407 -4.803043e+00 18371
408 -4.802257e+00 18371
409 -4.801470e+00 18371
410 -4.800682e+00 18371
411 -4.799895e+00 18371
412 -4.799106e+00 18371
413 -4.798318e+00 18371
414 -4.797529e+00 18371
415 -4.796740e+00 18371
416 -4.795951e+00 18371
417 -4.795162e+00 18371
418 -4.794374e+00 18371
419 -4.793586e+00 18371
420 -4.792798e+00 18371
421 -4.792011e+00 18371
422 -4.791225e+00 18371
423 -4.790440e+00 18371
424 -4.789656e+00 18371
425 -4.788873e+00 18371
426 -4.788092e+00 18371
427 -4.787312e+00 18371
428 -4.786534e+00 18371
429 -4.785758e+00 18371
430 -4.784984e+00 18371
431 -4.784213e+00 18371
432 -4.783443e+00 18371
433 -4.782677e+00 18371
434 -4.781913e+00 18371
435 -4.781152e+00 18371
436 -4.780394e+00 18371
437 -4.779640e+00 18371
438 -4.778889e+00 18371
439 -4.778142e+00 18371
440 -4.777399e+00 18371
441 -4.776659e+00 18371
442 -4.775925e+00 18371
443 -4.775194e+00 18371
444 -4.774468e+00 18371
445 -4.773747e+00 18371
446 -4.773030e+00 18371
447 -4.772319e+00 18371
448 -4.771612e+00 18371
449 -4.770911e+00 18371
450 -4.770215e+00 18371
451 -4.769525e+00 18371
452 -4.768840e+00 18371
453 -4.768160e+00 18371
454 -4.767486e+00 18371
455 -4.766818e+00 18371
456 -4.766155e+00 18371
457 -4.765498e+00 18371
458 -4.764846e+00 18371
459 -4.764199e+00 18371
460 -4.763558e+00 18371
461 -4.762921e+00 18371
462 -4.762288e+00 18371
463 -4.761660e+00 18371
464 -4.761036e+00 18371
465 -4.760415e+00 18371
466 -4.759797e+00 18371
467 -4.759182e+00 18371
468 -4.758569e+00 18371
469 -4.757957e+00 18371
470 -4.757347e+00 18371
471 -4.756737e+00 18371
472 -4.756127e+00 18371
473 -4.755517e+00 18371
474 -4.754906e+00 18371
475 -4.754293e+00 18371
476 -4.753678e+00 18371
477 -4.753061e+00 18371
478 -4.752440e+00 18371
479 -4.751816e+00 18371
480 -4.751189e+00 18371
481 -4.750557e+00 18371
482 -4.749921e+00 18371
483 -4.749280e+00 18371
484 -4.748634e+00 18371
485 -4.747982e+00 18371
486 -4.747325e+00 18371
487 -4.746663e+00 18371
488 -4.745995e+00 18371
489 -4.745320e+00 18371
490 -4.744640e+00 18371
491 -4.743954e+00 18371
492 -4.743262e+00 18371
493 -4.742565e+00 18371
494 -4.741861e+00 18371
495 -4.741152e+00 18371
496 -4.740437e+00 18371
497 -4.739717e+00 18371
498 -4.738992e+00 18371
499 -4.738262e+00 18371
500 -4.737527e+00 18371
501 -4.736788e+00 18371
502 -4.736044e+00 18371
503 -4.735297e+00 18371
504 -4.734546e+00 18371
505 -4.733792e+00 18371
506 -4.733034e+00 18371
507 -4.732274e+00 18371
508 -4.731512e+00 18371
509 -4.730747e+00 18371
510 -4.729980e+00 18371
511 -4.729212e+00 18371
512 -4.728442e+00 18371
513 -4.727672e+00 18371
514 -4.726900e+00 18371
515 -4.726128e+00 18371
516 -4.725356e+00 18371
517 -4.724583e+00 18371
518 -4.723811e+00 18371
519 -4.723039e+00 18371
520 -4.722267e+00 18371
521 -4.721495e+00 18371
522 -4.720724e+00 18371
523 -4.719954e+00 18371
524 -4.719185e+00 18371
525 -4.718417e+00 18371
526 -4.717650e+00 18371
527 -4.716885e+00 18371
528 -4.716120e+00 18371
529 -4.715357e+00 18371
530 -4.714596e+00 18371
531 -4.713836e+00 18371
532 -4.713078e+00 18371
533 -4.712322e+00 18371
534 -4.711568e+00 18371
535 -4.710817e+00 18371
536 -4.710067e+00 18371
537 -4.709320e+00 18371
538 -4.708576e+00 18371
539 -4.707835e+00 18371
540 -4.707097e+00 18371
541 -4.706363e+00 18371
542 -4.705632e+00 18371
543 -4.704905e+00 18371
544 -4.704182e+00 18371
545 -4.703463e+00 18371
546 -4.702749e+00 18371
547 -4.702040e+00 18371
548 -4.701336e+00 18371
549 -4.700638e+00 18371
550 -4.699945e+00 18371
551 -4.699257e+00 18371
552 -4.698576e+00 18371
553 -4.697901e+00 18371
554 -4.697232e+00 18371
555 -4.696570e+00 18371
556 -4.695914e+00 18371
557 -4.695265e+00 18371
558 -4.694623e+00 18371
559 -4.693988e+00 18371
560 -4.693360e+00 18371
561 -4.692738e+00 18371
562 -4.692124e+00 18371
563 -4.691516e+00 18371
564 -4.690915e+00 18371
565 -4.690320e+00 18371
566 -4.689732e+00 18371
567 -4.689149e+00 18371
568 -4.688573e+00 18371
569 -4.688001e+00 18371
570 -4.687435e+00 18371
571 -4.686874e+00 18371
572 -4.686317e+00 18371
573 -4.685763e+00 18371
574 -4.685213e+00 18371
575 -4.684666e+00 18371
576 -4.684122e+00 18371
577 -4.683579e+00 18371
578 -4.683038e+00 18371
579 -4.682498e+00 18371
580 -4.681958e+00 18371
581 -4.681418e+00 18371
582 -4.680878e+00 18371
583 -4.680336e+00 18371
584 -4.679792e+00 18371
585 -4.679247e+00 18371
586 -4.678698e+00 18371
587 -4.678147e+00 18371
588 -4.677592e+00 18371
589 -4.677033e+00 18371
590 -4.676469e+00 18371
591 -4.675901e+00 18371
592 -4.675328e+00 18371
593 -4.674750e+00 18371
594 -4.674166e+00 18371
595 -4.673576e+00 18371
596 -4.672980e+00 18371
597 -4.672378e+00 18371
598 -4.671769e+00 18371
599 -4.671154e+00 18371
600 -4.670532e+00 18371
601 -4.669903e+00 18371
602 -4.669267e+00 18371
603 -4.668624e+00 18371
604 -4.667975e+00 18371
605 -4.667318e+00 18371
606 -4.666655e+00 18371
607 -4.665985e+00 18371
608 -4.665309e+00 18371
609 -4.664626e+00 18371
610 -4.663937e+00 18371
611 -4.663241e+00 18371
612 -4.662540e+00 18371
613 -4.661834e+00 18371
614 -4.661122e+00 18371
615 -4.660405e+00 18371
616 -4.659684e+00 18371
617 -4.658959e+00 18371
618 -4.658229e+00 18371
619 -4.657496e+00 18371
620 -4.656760e+00 18371
621 -4.656021e+00 18371
622 -4.655280e+00 18371
623 -4.654537e+00 18371
624 -4.653792e+00 18371
625 -4.653046e+00 18371
626 -4.652299e+00 18371
627 -4.651552e+00 18371
628 -4.650805e+00 18371
629 -4.650059e+00 18371
630 -4.649313e+00 18371
631 -4.648568e+00 18371
632 -4.647825e+00 18371
633 -4.647083e+00 18371
634 -4.646344e+00 18371
635 -4.645607e+00 18371
636 -4.644874e+00 18371
637 -4.644143e+00 18371
638 -4.643416e+00 18371
639 -4.642693e+00 18371
640 -4.641974e+00 18371
641 -4.641259e+00 18371
642 -4.640550e+00 18371
643 -4.639845e+00 18371
644 -4.639145e+00 18371
645 -4.638452e+00 18371
646 -4.637764e+00 18371
647 -4.637083e+00 18371
648 -4.636408e+00 18371
649 -4.635740e+00 18371
650 -4.635079e+00 18371
651 -4.634425e+00 18371
652 -4.633779e+00 18371
653 -4.633141e+00 18371
654 -4.632510e+00 18371
655 -4.631888e+00 18371
656 -4.631274e+00 18371
657 -4.630669e+00 18371
658 -4.630072e+00 18371
659 -4.629483e+00 18371
660 -4.628903e+00 18371
661 -4.628332e+00 18371
662 -4.627770e+00 18371
663 -4.627217e+00 18371
664 -4.626672e+00 18371
665 -4.626136e+00 18371
666 -4.625609e+00 18371
667 -4.625091e+00 18371
668 -4.624581e+00 18371
669 -4.624080e+00 18371
670 -4.623588e+00 18371
671 -4.623103e+00 18371
672 -4.622627e+00 18371
673 -4.622159e+00 18371
674 -4.621698e+00 18371
675 -4.621245e+00 18371
676 -4.620799e+00 18371
677 -4.620359e+00 18371
678 -4.619926e+00 18371
679 -4.619499e+00 18371
680 -4.619077e+00 18371
681 -4.618660e+00 18371
682 -4.618248e+00 18371
683 -4.617840e+00 18371
684 -4.617435e+00 18371
685 -4.617033e+00 18371
686 -4.616634e+00 18371
687 -4.616236e+00 18371
688 -4.615839e+00 18371
689 -4.615443e+00 18371
690 -4.615046e+00 18371
691 -4.614649e+00 18371
692 -4.614251e+00 18371
693 -4.613851e+00 18371
694 -4.613448e+00 18371
695 -4.613042e+00 18371
696 -4.612633e+00 18371
697 -4.612220e+00 18371
698 -4.611803e+00 18371
699 -4.611380e+00 18371
700 -4.610953e+00 18371
701 -4.610519e+00 18371
702 -4.610080e+00 18371
703 -4.609634e+00 18371
704 -4.609182e+00 18371
705 -4.608723e+00 18371
706 -4.608256e+00 18371
707 -4.607783e+00 18371
708 -4.607302e+00 18371
709 -4.606814e+00 18371
710 -4.606318e+00 18371
711 -4.605815e+00 18371
712 -4.605303e+00 18371
713 -4.604785e+00 18371
714 -4.604259e+00 18371
715 -4.603725e+00 18371
716 -4.603184e+00 18371
717 -4.602636e+00 18371
718 -4.602081e+00 18371
719 -4.601519e+00 18371
720 -4.600950e+00 18371
721 -4.600375e+00 18371
722 -4.599793e+00 18371
723 -4.599206e+00 18371
724 -4.598612e+00 18371
725 -4.598013e+00 18371
726 -4.597408e+00 18371
727 -4.596798e+00 18371
728 -4.596182e+00 18371
729 -4.595563e+00 18371
730 -4.594938e+00 18371
731 -4.594309e+00 18371
732 -4.593677e+00 18371
733 -4.593040e+00 18371
734 -4.592400e+00 18371
735 -4.591756e+00 18371
736 -4.591110e+00 18371
737 -4.590461e+00 18371
738 -4.589810e+00 18371
739 -4.589157e+00 18371
740 -4.588502e+00 18371
741 -4.587846e+00 18371
742 -4.587189e+00 18371
743 -4.586531e+00 18371
744 -4.585873e+00 18371
745 -4.585216e+00 18371
746 -4.584559e+00 18371
747 -4.583903e+00 18371
748 -4.583248e+00 18371
749 -4.582596e+00 18371
750 -4.581945e+00 18371
751 -4.581297e+00 18371
752 -4.580652e+00 18371
753 -4.580011e+00 18371
754 -4.579373e+00 18371
755 -4.578739e+00 18371
756 -4.578110e+00 18371
757 -4.577486e+00 18371
758 -4.576867e+00 18371
759 -4.576253e+00 18371
760 -4.575645e+00 18371
761 -4.575044e+00 18371
762 -4.574449e+00 18371
763 -4.573861e+00 18371
764 -4.573281e+00 18371
765 -4.572707e+00 18371
766 -4.572141e+00 18371
767 -4.571583e+00 18371
768 -4.571033e+00 18371
769 -4.570492e+00 18371
770 -4.569958e+00 18371
771 -4.569433e+00 18371
772 -4.568916e+00 18371
773 -4.568408e+00 18371
774 -4.567908e+00 18371
775 -4.567417e+00 18371
776 -4.566933e+00 18371
777 -4.566458e+00 18371
778 -4.565990e+00 18371
779 -4.565530e+00 18371
780 -4.565077e+00 18371
781 -4.564631e+00 18371
782 -4.564192e+00 18371
783 -4.563759e+00 18371
784 -4.563332e+00 18371
785 -4.562909e+00 18371
786 -4.562492e+00 18371
787 -4.562079e+00 18371
788 -4.561670e+00 18371
789 -4.561263e+00 18371
790 -4.560860e+00 18371
791 -4.560458e+00 18371
792 -4.560058e+00 18371
793 -4.559658e+00 18371
794 -4.559259e+00 18371
795 -4.558860e+00 18371
796 -4.558459e+00 18371
797 -4.558057e+00 18371
798 -4.557653e+00 18371
799 -4.557246e+00 18371
800 -4.556836e+00 18371
801 -4.556422e+00 18371
802 -4.556004e+00 18371
803 -4.555582e+00 18371
804 -4.555154e+00 18371
805 -4.554722e+00 18371
806 -4.554283e+00 18371
807 -4.553838e+00 18371
808 -4.553386e+00 18371
809 -4.552928e+00 18371
810 -4.552463e+00 18371
811 -4.551991e+00 18371
812 -4.551511e+00 18371
813 -4.551025e+00 18371
814 -4.550530e+00 18371
815 -4.550028e+00 18371
816 -4.549519e+00 18371
817 -4.549002e+00 18371
818 -4.548478e+00 18371
819 -4.547946e+00 18371
820 -4.547407e+00 18371
821 -4.546861e+00 18371
822 -4.546308e+00 18371
823 -4.545748e+00 18371
824 -4.545182e+00 18371
825 -4.544610e+00 18371
826 -4.544031e+00 18371
827 -4.543447e+00 18371
828 -4.542857e+00 18371
829 -4.542262e+00 18371
830 -4.541662e+00 18371
831 -4.541057e+00 18371
832 -4.540448e+00 18371
833 -4.539835e+00 18371
834 -4.539218e+00 18371
835 -4.538597e+00 18371
836 -4.537974e+00 18371
837 -4.537347e+00 18371
838 -4.536718e+00 18371
839 -4.536087e+00 18371
840 -4.535454e+00 18371
841 -4.534819e+00 18371
842 -4.534183e+00 18371
843 -4.533546e+00 18371
844 -4.532909e+00 18371
845 -4.532271e+00 18371
846 -4.531633e+00 18371
847 -4.530996e+00 18371
848 -4.530359e+00 18371
849 -4.529723e+00 18371
850 -4.529089e+00 18371
851 -4.528456e+00 18371
852 -4.527826e+00 18371
853 -4.527197e+00 18371
854 -4.526572e+00 18371
855 -4.525950e+00 18371
856 -4.525331e+00 18371
857 -4.524716e+00 18371
858 -4.524105e+00 18371
859 -4.523499e+00 18371
860 -4.522898e+00 18371
861 -4.522302e+00 18371
862 -4.521711e+00 18371
863 -4.521127e+00 18371
864 -4.520549e+00 18371
865 -4.519977e+00 18371
866 -4.519412e+00 18371
867 -4.518855e+00 18371
868 -4.518305e+00 18371
869 -4.517763e+00 18371
870 -4.517228e+00 18371
871 -4.516702e+00 18371
872 -4.516184e+00 18371
873 -4.515675e+00 18371
874 -4.515174e+00 18371
875 -4.514682e+00 18371
876 -4.514198e+00 18371
877 -4.513723e+00 18371
878 -4.513257e+00 18371
879 -4.512800e+00 18371
880 -4.512351e+00 18371
881 -4.511910e+00 18371
882 -4.511477e+00 18371
883 -4.511052e+00 18371
884 -4.510635e+00 18371
885 -4.510225e+00 18371
886 -4.509822e+00 18371
887 -4.509426e+00 18371
888 -4.509035e+00 18371
889 -4.508650e+00 18371
890 -4.508270e+00 18371
891 -4.507894e+00 18371
892 -4.507523e+00 18371
893 -4.507155e+00 18371
894 -4.506789e+00 18371
895 -4.506427e+00 18371
896 -4.506065e+00 18371
897 -4.505705e+00 18371
898 -4.505345e+00 18371
899 -4.504985e+00 18371
900 -4.504625e+00 18371
901 -4.504262e+00 18371
902 -4.503898e+00 18371
903 -4.503532e+00 18371
904 -4.503162e+00 18371
905 -4.502789e+00 18371
906 -4.502411e+00 18371
907 -4.502029e+00 18371
908 -4.501641e+00 18371
909 -4.501248e+00 18371
910 -4.500849e+00 18371
911 -4.500443e+00 18371
912 -4.500030e+00 18371
913 -4.499610e+00 18371
914 -4.499183e+00 18371
915 -4.498748e+00 18371
916 -4.498304e+00 18371
917 -4.497853e+00 18371
918 -4.497394e+00 18371
919 -4.496926e+00 18371
920 -4.496449e+00 18371
921 -4.495964e+00 18371
922 -4.495471e+00 18371
923 -4.494969e+00 18371
924 -4.494459e+00 18371
925 -4.493941e+00 18371
926 -4.493414e+00 18371
927 -4.492880e+00 18371
928 -4.492338e+00 18371
929 -4.491788e+00 18371
930 -4.491231e+00 18371
931 -4.490667e+00 18371
932 -4.490097e+00 18371
933 -4.489519e+00 18371
934 -4.488936e+00 18371
935 -4.488346e+00 18371
936 -4.487751e+00 18371
937 -4.487150e+00 18371
938 -4.486545e+00 18371
939 -4.485934e+00 18371
940 -4.485319e+00 18371
941 -4.484700e+00 18371
942 -4.484076e+00 18371
943 -4.483449e+00 18371
944 -4.482819e+00 18371
945 -4.482186e+00 18371
946 -4.481550e+00 18371
947 -4.480911e+00 18371
948 -4.480271e+00 18371
949 -4.479628e+00 18371
950 -4.478985e+00 18371
951 -4.478340e+00 18371
952 -4.477694e+00 18371
953 -4.477049e+00 18371
954 -4.476403e+00 18371
955 -4.475758e+00 18371
956 -4.475114e+00 18371
957 -4.474471e+00 18371
958 -4.473829e+00 18371
959 -4.473189e+00 18371
960 -4.472552e+00 18371
961 -4.471918e+00 18371
962 -4.471287e+00 18371
963 -4.470660e+00 18371
964 -4.470037e+00 18371
965 -4.469418e+00 18371
966 -4.468804e+00 18371
967 -4.468195e+00 18371
968 -4.467592e+00 18371
969 -4.466996e+00 18371
970 -4.466405e+00 18371
971 -4.465822e+00 18371
972 -4.465245e+00 18371
973 -4.464676e+00 18371
974 -4.464115e+00 18371
975 -4.463562e+00 18371
976 -4.463017e+00 18371
977 -4.462480e+00 18371
978 -4.461952e+00 18371
979 -4.461433e+00 18371
980 -4.460923e+00 18371
981 -4.460422e+00 18371
982 -4.459930e+00 18371
983 -4.459447e+00 18371
984 -4.458973e+00 18371
985 -4.458508e+00 18371
986 -4.458052e+00 18371
987 -4.457605e+00 18371
988 -4.457167e+00 18371
989 -4.456737e+00 18371
990 -4.456314e+00 18371
991 -4.455900e+00 18371
992 -4.455493e+00 18371
993 -4.455094e+00 18371
994 -4.454700e+00 18371
995 -4.454313e+00 18371
996 -4.453932e+00 18371
997 -4.453556e+00 18371
998 -4.453185e+00 18371
999 -4.452817e+00 18371
1000 -4.452453e+00 18371