0 2.570329e+00
1 2.455209e+00
2 2.369837e+00
3 2.296018e+00
4 2.229899e+00
5 2.169879e+00
6 2.114629e+00
7 2.063458e+00
8 2.015881e+00
9 1.971539e+00
10 1.929932e+00
11 1.890213e+00
12 1.852808e+00
13 1.816711e+00
14 1.782389e+00
15 1.748911e+00
16 1.716133e+00
17 1.685469e+00
18 1.655723e+00
19 1.627139e+00
20 1.598661e+00
21 1.571321e+00
22 1.544813e+00
23 1.519094e+00
24 1.493934e+00
25 1.469969e+00
26 1.446653e+00
27 1.423828e+00
28 1.401431e+00
29 1.379732e+00
30 1.358720e+00
31 1.338097e+00
32 1.317954e+00
33 1.297947e+00
34 1.278741e+00
35 1.259916e+00
36 1.241476e+00
37 1.223891e+00
38 1.206524e+00
39 1.189446e+00
40 1.172986e+00
41 1.156705e+00
42 1.140893e+00
43 1.125458e+00
44 1.110641e+00
45 1.096165e+00
46 1.082089e+00
47 1.068020e+00
48 1.054230e+00
49 1.040638e+00
50 1.027614e+00
51 1.014857e+00
52 1.002782e+00
53 9.908588e-01
54 9.794657e-01
55 9.684822e-01
56 9.573106e-01
57 9.465082e-01
58 9.353315e-01
59 9.247658e-01
60 9.146330e-01
61 9.047895e-01
62 8.950241e-01
63 8.857464e-01
64 8.769098e-01
65 8.684941e-01
66 8.598641e-01
67 8.520138e-01
68 8.438034e-01
69 8.358135e-01
70 8.277265e-01
71 8.197235e-01
72 8.122862e-01
73 8.052535e-01
74 7.979499e-01
75 7.910010e-01
76 7.841968e-01
77 7.775187e-01
78 7.711935e-01
79 7.653016e-01
80 7.594336e-01
81 7.537078e-01
82 7.485152e-01
83 7.438156e-01
84 7.394565e-01
85 7.353437e-01
86 7.314935e-01
87 7.277848e-01
88 7.240506e-01
89 7.208006e-01
90 7.177427e-01
91 7.148354e-01
92 7.122163e-01
93 7.095584e-01
94 7.070374e-01
95 7.048852e-01
96 7.028647e-01
97 7.013724e-01
98 7.003605e-01
99 6.988711e-01
100 6.976680e-01
101 6.962751e-01
102 6.951433e-01
103 6.944762e-01
104 6.942696e-01
105 6.943307e-01
106 6.945025e-01
107 6.952900e-01
108 6.964481e-01
109 6.969011e-01
110 6.981392e-01
111 6.999766e-01
112 7.016156e-01
113 7.023730e-01
114 7.035075e-01
115 7.050909e-01
116 7.069996e-01
117 7.092118e-01
118 7.110409e-01
119 7.133239e-01
120 7.158587e-01
121 7.182192e-01
122 7.212762e-01
123 7.247965e-01
124 7.284669e-01
125 7.328057e-01
126 7.359303e-01
127 7.390571e-01
128 7.414018e-01
129 7.445833e-01
130 7.485710e-01
131 7.530477e-01
132 7.575735e-01
133 7.613932e-01
134 7.631085e-01
135 7.646106e-01
136 7.667851e-01
137 7.699730e-01
138 7.742626e-01
139 7.779163e-01
140 7.823259e-01
141 7.847591e-01
142 7.873128e-01
143 7.908627e-01
144 7.950016e-01
145 7.992742e-01
146 8.030971e-01
147 8.068205e-01
148 8.099197e-01
149 8.134901e-01
150 8.170858e-01
151 8.207889e-01
152 8.250280e-01
153 8.287268e-01
154 8.323902e-01
155 8.360958e-01
156 8.390850e-01
157 8.418524e-01
158 8.435537e-01
159 8.456119e-01
160 8.480110e-01
161 8.504805e-01
162 8.532390e-01
163 8.558272e-01
164 8.585823e-01
165 8.612349e-01
166 8.645761e-01
167 8.675138e-01
168 8.695155e-01
169 8.712338e-01
170 8.723765e-01
171 8.738891e-01
172 8.749785e-01
173 8.761454e-01
174 8.774176e-01
175 8.785006e-01
176 8.793397e-01
177 8.801646e-01
178 8.806378e-01
179 8.807203e-01
180 8.806963e-01
181 8.808475e-01
182 8.810549e-01
183 8.805782e-01
184 8.801630e-01
185 8.795875e-01
186 8.787413e-01
187 8.780536e-01
188 8.776798e-01
189 8.773270e-01
190 8.770791e-01
191 8.769461e-01
192 8.770855e-01
193 8.766506e-01
194 8.759117e-01
195 8.746557e-01
196 8.735612e-01
197 8.724922e-01
198 8.717102e-01
199 8.710191e-01
200 8.700607e-01
201 8.692201e-01
202 8.678962e-01
203 8.664144e-01
204 8.647638e-01
205 8.630889e-01
206 8.612774e-01
207 8.591332e-01
208 8.571228e-01
209 8.551317e-01
210 8.528753e-01
211 8.506976e-01
212 8.485162e-01
213 8.461571e-01
214 8.440372e-01
215 8.416365e-01
216 8.397340e-01
217 8.378696e-01
218 8.356314e-01
219 8.330198e-01
220 8.304833e-01
221 8.276176e-01
222 8.248217e-01
223 8.217868e-01
224 8.182777e-01
225 8.136612e-01
226 8.093775e-01
227 8.051498e-01
228 8.009374e-01
229 7.970527e-01
230 7.924685e-01
231 7.881162e-01
232 7.837014e-01
233 7.795111e-01
234 7.746057e-01
235 7.697030e-01
236 7.645273e-01
237 7.588106e-01
238 7.523477e-01
239 7.458842e-01
240 7.400620e-01
241 7.339087e-01
242 7.280376e-01
243 7.224701e-01
244 7.167432e-01
245 7.111783e-01
246 7.054853e-01
247 7.000339e-01
248 6.942847e-01
249 6.886620e-01
250 6.830708e-01
251 6.777441e-01
252 6.724128e-01
253 6.675108e-01
254 6.627412e-01
255 6.581561e-01
256 6.533543e-01
257 6.486005e-01
258 6.435034e-01
259 6.383879e-01
260 6.332929e-01
261 6.280755e-01
262 6.227488e-01
263 6.178714e-01
264 6.125797e-01
265 6.066875e-01
266 6.011139e-01
267 5.954170e-01
268 5.897074e-01
269 5.844735e-01
270 5.792159e-01
271 5.741501e-01
272 5.693249e-01
273 5.647646e-01
274 5.605298e-01
275 5.558914e-01
276 5.514450e-01
277 5.465289e-01
278 5.416476e-01
279 5.371173e-01
280 5.330062e-01
281 5.292803e-01
282 5.258137e-01
283 5.226669e-01
284 5.199948e-01
285 5.164732e-01
286 5.131446e-01
287 5.091552e-01
288 5.050746e-01
289 5.011782e-01
290 4.976419e-01
291 4.942052e-01
292 4.907500e-01
293 4.876628e-01
294 4.848127e-01
295 4.811371e-01
296 4.776216e-01
297 4.738874e-01
298 4.701816e-01
299 4.663231e-01
300 4.622556e-01
301 4.586458e-01
302 4.557256e-01
303 4.527309e-01
304 4.493916e-01
305 4.456920e-01
306 4.421390e-01
307 4.386204e-01
308 4.354315e-01
309 4.325430e-01
310 4.295837e-01
311 4.269855e-01
312 4.243286e-01
313 4.216350e-01
314 4.188646e-01
315 4.155478e-01
316 4.127791e-01
317 4.101776e-01
318 4.078170e-01
319 4.056533e-01
320 4.037999e-01
321 4.020641e-01
322 4.007062e-01
323 3.991881e-01
324 3.979466e-01
325 3.966000e-01
326 3.951659e-01
327 3.937165e-01
328 3.920461e-01
329 3.909137e-01
330 3.898213e-01
331 3.873806e-01
332 3.851862e-01
333 3.832859e-01
334 3.814425e-01
335 3.798388e-01
336 3.781953e-01
337 3.765929e-01
338 3.752801e-01
339 3.737706e-01
340 3.722988e-01
341 3.710265e-01
342 3.693484e-01
343 3.678022e-01
344 3.665919e-01
345 3.655973e-01
346 3.646520e-01
347 3.640197e-01
348 3.636866e-01
349 3.634115e-01
350 3.628991e-01
351 3.627734e-01
352 3.627266e-01
353 3.628865e-01
354 3.632167e-01
355 3.631767e-01
356 3.634574e-01
357 3.638103e-01
358 3.646287e-01
359 3.659322e-01
360 3.673121e-01
361 3.682780e-01
362 3.689288e-01
363 3.692792e-01
364 3.698333e-01
365 3.701864e-01
366 3.709507e-01
367 3.720202e-01
368 3.733946e-01
369 3.749012e-01
370 3.768212e-01
371 3.785534e-01
372 3.804569e-01
373 3.824594e-01
374 3.847383e-01
375 3.875425e-01
376 3.908801e-01
377 3.946625e-01
378 3.987673e-01
379 4.029159e-01
380 4.072961e-01
381 4.118336e-01
382 4.166801e-01
383 4.216107e-01
384 4.268352e-01
385 4.321586e-01
386 4.376929e-01
387 4.421751e-01
388 4.467825e-01
389 4.518975e-01
390 4.573167e-01
391 4.629029e-01
392 4.682774e-01
393 4.737493e-01
394 4.792880e-01
395 4.847259e-01
396 4.905745e-01
397 4.962652e-01
398 5.016526e-01
399 5.071077e-01
400 5.130177e-01
401 5.188132e-01
402 5.244495e-01
403 5.301298e-01
404 5.359771e-01
405 5.412133e-01
406 5.467791e-01
407 5.525466e-01
408 5.582473e-01
409 5.639329e-01
410 5.691469e-01
411 5.741329e-01
412 5.787563e-01
413 5.828332e-01
414 5.866669e-01
415 5.894368e-01
416 5.919796e-01
417 5.942167e-01
418 5.962654e-01
419 5.982104e-01
420 6.004066e-01
421 6.024911e-01
422 6.043919e-01
423 6.062114e-01
424 6.077141e-01
425 6.089012e-01
426 6.105262e-01
427 6.124187e-01
428 6.140755e-01
429 6.153258e-01
430 6.168889e-01
431 6.181551e-01
432 6.195011e-01
433 6.204707e-01
434 6.201547e-01
435 6.201034e-01
436 6.200675e-01
437 6.196630e-01
438 6.191344e-01
439 6.184998e-01
440 6.174529e-01
441 6.166957e-01
442 6.157626e-01
443 6.140472e-01
444 6.123728e-01
445 6.109314e-01
446 6.099649e-01
447 6.090458e-01
448 6.084406e-01
449 6.076808e-01
450 6.058389e-01
451 6.043825e-01
452 6.030490e-01
453 6.021760e-01
454 6.000324e-01
455 5.973406e-01
456 5.941481e-01
457 5.917640e-01
458 5.892166e-01
459 5.857149e-01
460 5.826584e-01
461 5.791888e-01
462 5.757905e-01
463 5.724555e-01
464 5.696029e-01
465 5.670399e-01
466 5.643674e-01
467 5.621013e-01
468 5.597868e-01
469 5.574330e-01
470 5.555718e-01
471 5.536281e-01
472 5.519415e-01
473 5.500016e-01
474 5.481832e-01
475 5.462998e-01
476 5.441249e-01
477 5.421543e-01
478 5.408289e-01
479 5.398572e-01
480 5.392144e-01
481 5.383367e-01
482 5.374424e-01
483 5.360137e-01
484 5.347466e-01
485 5.333700e-01
486 5.308887e-01
487 5.281449e-01
488 5.254306e-01
489 5.225995e-01
490 5.197958e-01
491 5.174652e-01
492 5.149457e-01
493 5.127196e-01
494 5.108401e-01
495 5.086172e-01
496 5.064703e-01
497 5.037849e-01
498 5.005450e-01
499 4.973298e-01
500 4.946531e-01
501 4.915448e-01
502 4.876711e-01
503 4.843787e-01
504 4.809185e-01
505 4.770989e-01
506 4.730986e-01
507 4.694898e-01
508 4.656902e-01
509 4.620249e-01
510 4.580553e-01
511 4.544459e-01
512 4.506493e-01
513 4.473110e-01
514 4.438699e-01
515 4.403199e-01
516 4.368625e-01
517 4.329986e-01
518 4.292552e-01
519 4.247883e-01
520 4.206498e-01
521 4.163901e-01
522 4.125589e-01
523 4.086012e-01
524 4.048317e-01
525 4.011093e-01
526 3.976688e-01
527 3.942962e-01
528 3.912083e-01
529 3.887905e-01
530 3.867391e-01
531 3.845691e-01
532 3.823924e-01
533 3.796941e-01
534 3.772765e-01
535 3.753615e-01
536 3.736349e-01
537 3.723318e-01
538 3.712613e-01
539 3.701521e-01
540 3.693220e-01
541 3.683856e-01
542 3.676935e-01
543 3.664733e-01
544 3.654928e-01
545 3.647448e-01
546 3.642268e-01
547 3.640776e-01
548 3.634989e-01
549 3.630067e-01
550 3.627278e-01
551 3.625039e-01
552 3.625497e-01
553 3.619940e-01
554 3.613803e-01
555 3.609419e-01
556 3.611827e-01
557 3.619271e-01
558 3.626575e-01
559 3.629186e-01
560 3.629024e-01
561 3.629650e-01
562 3.630267e-01
563 3.634273e-01
564 3.640172e-01
565 3.647649e-01
566 3.655189e-01
567 3.665537e-01
568 3.676579e-01
569 3.686632e-01
570 3.697497e-01
571 3.707085e-01
572 3.719458e-01
573 3.732497e-01
574 3.739749e-01
575 3.751899e-01
576 3.762726e-01
577 3.776303e-01
578 3.785924e-01
579 3.797268e-01
580 3.812143e-01
581 3.830529e-01
582 3.844815e-01
583 3.859720e-01
584 3.875558e-01
585 3.892229e-01
586 3.910668e-01
587 3.926093e-01
588 3.943025e-01
589 3.960759e-01
590 3.981012e-01
591 3.999747e-01
592 4.020811e-01
593 4.041206e-01
594 4.065106e-01
595 4.089730e-01
596 4.109282e-01
597 4.132280e-01
598 4.157625e-01
599 4.180037e-01
600 4.207691e-01
601 4.229640e-01
602 4.254592e-01
603 4.280009e-01
604 4.310066e-01
605 4.343208e-01
606 4.364463e-01
607 4.390146e-01
608 4.415794e-01
609 4.444670e-01
610 4.460113e-01
611 4.475067e-01
612 4.494674e-01
613 4.513156e-01
614 4.532870e-01
615 4.542724e-01
616 4.547199e-01
617 4.557022e-01
618 4.567708e-01
619 4.574237e-01
620 4.583235e-01
621 4.592833e-01
622 4.599690e-01
623 4.599442e-01
624 4.600495e-01
625 4.604630e-01
626 4.603748e-01
627 4.605494e-01
628 4.608853e-01
629 4.608521e-01
630 4.608994e-01
631 4.601236e-01
632 4.597381e-01
633 4.588381e-01
634 4.573924e-01
635 4.566354e-01
636 4.552317e-01
637 4.541380e-01
638 4.531188e-01
639 4.523508e-01
640 4.519111e-01
641 4.510918e-01
642 4.505390e-01
643 4.501767e-01
644 4.500905e-01
645 4.500980e-01
646 4.502894e-01
647 4.507597e-01
648 4.511175e-01
649 4.511060e-01
650 4.511018e-01
651 4.513381e-01
652 4.516663e-01
653 4.519865e-01
654 4.526668e-01
655 4.533934e-01
656 4.538576e-01
657 4.535722e-01
658 4.528577e-01
659 4.524571e-01
660 4.517850e-01
661 4.514361e-01
662 4.513223e-01
663 4.509718e-01
664 4.507748e-01
665 4.502782e-01
666 4.498876e-01
667 4.491369e-01
668 4.484107e-01
669 4.477674e-01
670 4.467044e-01
671 4.449373e-01
672 4.430108e-01
673 4.414662e-01
674 4.401046e-01
675 4.390408e-01
676 4.376609e-01
677 4.366409e-01
678 4.354887e-01
679 4.340292e-01
680 4.324486e-01
681 4.307146e-01
682 4.290369e-01
683 4.273892e-01
684 4.260090e-01
685 4.241899e-01
686 4.227811e-01
687 4.209778e-01
688 4.192315e-01
689 4.179734e-01
690 4.162294e-01
691 4.138409e-01
692 4.120365e-01
693 4.104767e-01
694 4.089776e-01
695 4.070094e-01
696 4.046259e-01
697 4.017486e-01
698 3.990487e-01
699 3.966937e-01
700 3.947783e-01
701 3.923857e-01
702 3.903239e-01
703 3.886476e-01
704 3.870356e-01
705 3.853338e-01
706 3.837884e-01
707 3.827623e-01
708 3.820513e-01
709 3.811476e-01
710 3.805762e-01
711 3.797794e-01
712 3.790706e-01
713 3.782207e-01
714 3.774527e-01
715 3.769762e-01
716 3.759319e-01
717 3.749619e-01
718 3.728332e-01
719 3.705954e-01
720 3.686319e-01
721 3.666331e-01
722 3.641881e-01
723 3.620479e-01
724 3.605549e-01
725 3.592883e-01
726 3.578793e-01
727 3.565172e-01
728 3.547970e-01
729 3.534450e-01
730 3.523380e-01
731 3.513260e-01
732 3.499255e-01
733 3.483941e-01
734 3.470674e-01
735 3.459657e-01
736 3.453642e-01
737 3.447700e-01
738 3.440396e-01
739 3.428496e-01
740 3.416565e-01
741 3.408988e-01
742 3.401466e-01
743 3.388826e-01
744 3.377806e-01
745 3.367117e-01
746 3.355060e-01
747 3.344849e-01
748 3.336229e-01
749 3.328457e-01
750 3.316174e-01
