0 6.958998e-01
1 6.802322e-01
2 6.680151e-01
3 6.571392e-01
4 6.471614e-01
5 6.378764e-01
6 6.291698e-01
7 6.209755e-01
8 6.132638e-01
9 6.060724e-01
10 5.991238e-01
11 5.916793e-01
12 5.840688e-01
13 5.769953e-01
14 5.699176e-01
15 5.632197e-01
16 5.568497e-01
17 5.508373e-01
18 5.447527e-01
19 5.391269e-01
20 5.331741e-01
21 5.273561e-01
22 5.211827e-01
23 5.153924e-01
24 5.099233e-01
25 5.043448e-01
26 4.990534e-01
27 4.940095e-01
28 4.892250e-01
29 4.847984e-01
30 4.798779e-01
31 4.746909e-01
32 4.694514e-01
33 4.643684e-01
34 4.596553e-01
35 4.547448e-01
36 4.499388e-01
37 4.452231e-01
38 4.408315e-01
39 4.365133e-01
40 4.322496e-01
41 4.276295e-01
42 4.229887e-01
43 4.186401e-01
44 4.145605e-01
45 4.103419e-01
46 4.064987e-01
47 4.025342e-01
48 3.988244e-01
49 3.953387e-01
50 3.918743e-01
51 3.880003e-01
52 3.839896e-01
53 3.802870e-01
54 3.763682e-01
55 3.726724e-01
56 3.692179e-01
57 3.657930e-01
58 3.625364e-01
59 3.594923e-01
60 3.559999e-01
61 3.528871e-01
62 3.492626e-01
63 3.459513e-01
64 3.422708e-01
65 3.389697e-01
66 3.359695e-01
67 3.331163e-01
68 3.302584e-01
69 3.276157e-01
70 3.250279e-01
71 3.219427e-01
72 3.191160e-01
73 3.162983e-01
74 3.136901e-01
75 3.108580e-01
76 3.082026e-01
77 3.056755e-01
78 3.031691e-01
79 3.007902e-01
80 2.986224e-01
81 2.958538e-01
82 2.929769e-01
83 2.902820e-01
84 2.877068e-01
85 2.852337e-01
86 2.828545e-01
87 2.805663e-01
88 2.781583e-01
89 2.759166e-01
90 2.738472e-01
91 2.715864e-01
92 2.690885e-01
93 2.667367e-01
94 2.646204e-01
95 2.625844e-01
96 2.604146e-01
97 2.583854e-01
98 2.566260e-01
99 2.549987e-01
100 2.529269e-01
101 2.510508e-01
102 2.493238e-01
103 2.476634e-01
104 2.460852e-01
105 2.445843e-01
106 2.431586e-01
107 2.418094e-01
108 2.403425e-01
109 2.390337e-01
110 2.374607e-01
111 2.359161e-01
112 2.344486e-01
113 2.330467e-01
114 2.318196e-01
115 2.306472e-01
116 2.295287e-01
117 2.284647e-01
118 2.274583e-01
119 2.265180e-01
120 2.256866e-01
121 2.245165e-01
122 2.232486e-01
123 2.221135e-01
124 2.210602e-01
125 2.202792e-01
126 2.195651e-01
127 2.186662e-01
128 2.179102e-01
129 2.172311e-01
130 2.167425e-01
131 2.155942e-01
132 2.145470e-01
133 2.135705e-01
134 2.126543e-01
135 2.117690e-01
136 2.109322e-01
137 2.101426e-01
138 2.094460e-01
139 2.087977e-01
140 2.080086e-01
141 2.073522e-01
142 2.069670e-01
143 2.064517e-01
144 2.059809e-01
145 2.055520e-01
146 2.051636e-01
147 2.048147e-01
148 2.045049e-01
149 2.042345e-01
150 2.040037e-01
151 2.038138e-01
152 2.036664e-01
153 2.035644e-01
154 2.035093e-01
155 2.035401e-01
156 2.036817e-01
157 2.032804e-01
158 2.030608e-01
159 2.027035e-01
160 2.024974e-01
161 2.024017e-01
162 2.024489e-01
163 2.023745e-01
164 2.023836e-01
165 2.025172e-01
166 2.025126e-01
167 2.027508e-01
168 2.030581e-01
169 2.032235e-01
170 2.031473e-01
171 2.032081e-01
172 2.033542e-01
173 2.035738e-01
174 2.038893e-01
175 2.042453e-01
176 2.046716e-01
177 2.050901e-01
178 2.055784e-01
179 2.061462e-01
180 2.068378e-01
181 2.071700e-01
182 2.076511e-01
183 2.082139e-01
184 2.088526e-01
185 2.095678e-01
186 2.103638e-01
187 2.112494e-01
188 2.123976e-01
189 2.136951e-01
190 2.148826e-01
191 2.157978e-01
192 2.168559e-01
193 2.177203e-01
194 2.184848e-01
195 2.193553e-01
196 2.203341e-01
197 2.214661e-01
198 2.227390e-01
199 2.241598e-01
200 2.254670e-01
201 2.265037e-01
202 2.276700e-01
203 2.286792e-01
204 2.298390e-01
205 2.311082e-01
206 2.324874e-01
207 2.340195e-01
208 2.353869e-01
209 2.368868e-01
210 2.381201e-01
211 2.394861e-01
212 2.409431e-01
213 2.424843e-01
214 2.441084e-01
215 2.458172e-01
216 2.476145e-01
217 2.495070e-01
218 2.512631e-01
219 2.531655e-01
220 2.548567e-01
221 2.567065e-01
222 2.583963e-01
223 2.601986e-01
224 2.621261e-01
225 2.642296e-01
226 2.662216e-01
227 2.683512e-01
228 2.706480e-01
229 2.727133e-01
230 2.747922e-01
231 2.763583e-01
232 2.772403e-01
233 2.774107e-01
234 2.771662e-01
235 2.769866e-01
236 2.769336e-01
237 2.769922e-01
238 2.765103e-01
239 2.761400e-01
240 2.758376e-01
241 2.755938e-01
242 2.754046e-01
243 2.752679e-01
244 2.752493e-01
245 2.752817e-01
246 2.753658e-01
247 2.755028e-01
248 2.756949e-01
249 2.759453e-01
250 2.762598e-01
251 2.766493e-01
252 2.771602e-01
253 2.775130e-01
254 2.779249e-01
255 2.784082e-01
256 2.790113e-01
257 2.794968e-01
258 2.800903e-01
259 2.804996e-01
260 2.809504e-01
261 2.815482e-01
262 2.821948e-01
263 2.829071e-01
264 2.836852e-01
265 2.843979e-01
266 2.852124e-01
267 2.858489e-01
268 2.865215e-01
269 2.872323e-01
270 2.878068e-01
271 2.884220e-01
272 2.890877e-01
273 2.898482e-01
274 2.901126e-01
275 2.902867e-01
276 2.905113e-01
277 2.907779e-01
278 2.910829e-01
279 2.914326e-01
280 2.918188e-01
281 2.922417e-01
282 2.927021e-01
283 2.932014e-01
284 2.937416e-01
285 2.941318e-01
286 2.945707e-01
287 2.948892e-01
288 2.953043e-01
289 2.947570e-01
290 2.943250e-01
291 2.939532e-01
292 2.936332e-01
293 2.933619e-01
294 2.931382e-01
295 2.929622e-01
296 2.928570e-01
297 2.928062e-01
298 2.928137e-01
299 2.928356e-01
300 2.929108e-01
301 2.930699e-01
302 2.933379e-01
303 2.931188e-01
304 2.928875e-01
305 2.924945e-01
306 2.921566e-01
307 2.918777e-01
308 2.916985e-01
309 2.911774e-01
310 2.906833e-01
311 2.902151e-01
312 2.897721e-01
313 2.893539e-01
314 2.889605e-01
315 2.886221e-01
316 2.883098e-01
317 2.880565e-01
318 2.878440e-01
319 2.874275e-01
320 2.871190e-01
321 2.868839e-01
322 2.867569e-01
323 2.861791e-01
324 2.855070e-01
325 2.847795e-01
326 2.841251e-01
327 2.835305e-01
328 2.829906e-01
329 2.825048e-01
330 2.821145e-01
331 2.818300e-01
332 2.811621e-01
333 2.805971e-01
334 2.799949e-01
335 2.795047e-01
336 2.790626e-01
337 2.784788e-01
338 2.780430e-01
339 2.776686e-01
340 2.772549e-01
341 2.768904e-01
342 2.762309e-01
343 2.756841e-01
344 2.750378e-01
345 2.744543e-01
346 2.739327e-01
347 2.734787e-01
348 2.731341e-01
349 2.724506e-01
350 2.719043e-01
351 2.714248e-01
352 2.710025e-01
353 2.706330e-01
354 2.703719e-01
355 2.696623e-01
356 2.690760e-01
357 2.685718e-01
358 2.679174e-01
359 2.674190e-01
360 2.670826e-01
361 2.659395e-01
362 2.642288e-01
363 2.627002e-01
364 2.611598e-01
365 2.597215e-01
366 2.582215e-01
367 2.568100e-01
368 2.554061e-01
369 2.541260e-01
370 2.530027e-01
371 2.519683e-01
372 2.510642e-01
373 2.498769e-01
374 2.488178e-01
375 2.478428e-01
376 2.469429e-01
377 2.461148e-01
378 2.453579e-01
379 2.446740e-01
380 2.440683e-01
381 2.430886e-01
382 2.423201e-01
383 2.410036e-01
384 2.393819e-01
385 2.377074e-01
386 2.361929e-01
387 2.347815e-01
388 2.334646e-01
389 2.322390e-01
390 2.311057e-01
391 2.300726e-01
392 2.291853e-01
393 2.280490e-01
394 2.271091e-01
395 2.259730e-01
396 2.246600e-01
397 2.234797e-01
398 2.223877e-01
399 2.214394e-01
400 2.200460e-01
401 2.188532e-01
402 2.174114e-01
403 2.161122e-01
404 2.149121e-01
405 2.137944e-01
406 2.127543e-01
407 2.117856e-01
408 2.108942e-01
409 2.100848e-01
410 2.093695e-01
411 2.088008e-01
412 2.080093e-01
413 2.069195e-01
414 2.059791e-01
415 2.049545e-01
416 2.040875e-01
417 2.031451e-01
418 2.023847e-01
419 2.014691e-01
420 2.003641e-01
421 1.994173e-01
422 1.986247e-01
423 1.975198e-01
424 1.965491e-01
425 1.956660e-01
426 1.947840e-01
427 1.940456e-01
428 1.934118e-01
429 1.929145e-01
430 1.919072e-01
431 1.908456e-01
432 1.899441e-01
433 1.889979e-01
434 1.881721e-01
435 1.874425e-01
436 1.867966e-01
437 1.862271e-01
438 1.857297e-01
439 1.851827e-01
440 1.847127e-01
441 1.843455e-01
442 1.841031e-01
443 1.835572e-01
444 1.831342e-01
445 1.826534e-01
446 1.823094e-01
447 1.820545e-01
448 1.820330e-01
449 1.820930e-01
450 1.822350e-01
451 1.824645e-01
452 1.827979e-01
453 1.833218e-01
454 1.833141e-01
455 1.834268e-01
456 1.833668e-01
457 1.834449e-01
458 1.836154e-01
459 1.838263e-01
460 1.841302e-01
461 1.845715e-01
462 1.846287e-01
463 1.846488e-01
464 1.844705e-01
465 1.844493e-01
466 1.845278e-01
467 1.844209e-01
468 1.844573e-01
469 1.845894e-01
470 1.848070e-01
471 1.850533e-01
472 1.853906e-01
473 1.858609e-01
474 1.860601e-01
475 1.863940e-01
476 1.868573e-01
477 1.874575e-01
478 1.881938e-01
479 1.885526e-01
480 1.890588e-01
481 1.896765e-01
482 1.904406e-01
483 1.909436e-01
484 1.915900e-01
485 1.924828e-01
486 1.934789e-01
487 1.943860e-01
488 1.952180e-01
489 1.961580e-01
490 1.972105e-01
491 1.985198e-01
492 1.995996e-01
493 2.004899e-01
494 2.015642e-01
495 2.028179e-01
496 2.039130e-01
497 2.051525e-01
498 2.062333e-01
499 2.073868e-01
500 2.083957e-01
501 2.095665e-01
502 2.109078e-01
503 2.120394e-01
504 2.129162e-01
505 2.139095e-01
506 2.150018e-01
507 2.163109e-01
508 2.177008e-01
509 2.191700e-01
510 2.207210e-01
511 2.223626e-01
512 2.241395e-01
513 2.256438e-01
514 2.272906e-01
515 2.290465e-01
516 2.309481e-01
517 2.325431e-01
518 2.342842e-01
519 2.359133e-01
520 2.377140e-01
521 2.397766e-01
522 2.420037e-01
523 2.440079e-01
524 2.462130e-01
525 2.486660e-01
526 2.505637e-01
527 2.526399e-01
528 2.548656e-01
529 2.572902e-01
530 2.595372e-01
531 2.618595e-01
532 2.638645e-01
533 2.660988e-01
534 2.680181e-01
535 2.701287e-01
536 2.724304e-01
537 2.746409e-01
538 2.769806e-01
539 2.795045e-01
540 2.818423e-01
541 2.839721e-01
542 2.858959e-01
543 2.879893e-01
544 2.902059e-01
545 2.925456e-01
546 2.950517e-01
547 2.976433e-01
548 3.003549e-01
549 3.033429e-01
550 3.066147e-01
551 3.091213e-01
552 3.118998e-01
553 3.144063e-01
554 3.170800e-01
555 3.198716e-01
556 3.224397e-01
557 3.250146e-01
558 3.276872e-01
559 3.304683e-01
560 3.330798e-01
561 3.355303e-01
562 3.382003e-01
563 3.411007e-01
564 3.438794e-01
565 3.465094e-01
566 3.492722e-01
567 3.518514e-01
568 3.545603e-01
569 3.572327e-01
570 3.597443e-01
571 3.624650e-01
572 3.650649e-01
573 3.673490e-01
574 3.699333e-01
575 3.718103e-01
576 3.738477e-01
577 3.760078e-01
578 3.779516e-01
579 3.800650e-01
580 3.819423e-01
581 3.840495e-01
582 3.862493e-01
583 3.885876e-01
584 3.911216e-01
585 3.931324e-01
586 3.949854e-01
587 3.969891e-01
588 3.991434e-01
589 4.014571e-01
590 4.039911e-01
591 4.063530e-01
592 4.082270e-01
593 4.096705e-01
594 4.113235e-01
595 4.124247e-01
596 4.134561e-01
597 4.142863e-01
598 4.152589e-01
599 4.159421e-01
600 4.167706e-01
601 4.172981e-01
602 4.179789e-01
603 4.184018e-01
604 4.181286e-01
605 4.175772e-01
606 4.171183e-01
607 4.167474e-01
608 4.164711e-01
609 4.163346e-01
610 4.159264e-01
611 4.156773e-01
612 4.148651e-01
613 4.136925e-01
614 4.118131e-01
615 4.100769e-01
616 4.080985e-01
617 4.062222e-01
618 4.040615e-01
619 4.020641e-01
620 3.998172e-01
621 3.977409e-01
622 3.958366e-01
623 3.935651e-01
624 3.915020e-01
625 3.891406e-01
626 3.869279e-01
627 3.848171e-01
628 3.824796e-01
629 3.802865e-01
630 3.778252e-01
631 3.754998e-01
632 3.729899e-01
633 3.705654e-01
634 3.682214e-01
635 3.659563e-01
636 3.637718e-01
637 3.616751e-01
638 3.597093e-01
639 3.574661e-01
640 3.553529e-01
641 3.533266e-01
642 3.513798e-01
643 3.495117e-01
644 3.477255e-01
645 3.457080e-01
646 3.435623e-01
647 3.411906e-01
648 3.389792e-01
649 3.362019e-01
650 3.333064e-01
651 3.305590e-01
652 3.274528e-01
653 3.245428e-01
654 3.216096e-01
655 3.188760e-01
656 3.158985e-01
657 3.129122e-01
658 3.100272e-01
659 3.069858e-01
660 3.037128e-01
661 3.006128e-01
662 2.976155e-01
663 2.947556e-01
664 2.918653e-01
665 2.890931e-01
666 2.864289e-01
667 2.838681e-01
668 2.814131e-01
669 2.791661e-01
670 2.765442e-01
671 2.740722e-01
672 2.717016e-01
673 2.694196e-01
674 2.672193e-01
675 2.650962e-01
676 2.630476e-01
677 2.610719e-01
678 2.592599e-01
679 2.575292e-01
680 2.558868e-01
681 2.543754e-01
682 2.526707e-01
683 2.510195e-01
684 2.491695e-01
685 2.474401e-01
686 2.457859e-01
687 2.441967e-01
688 2.424133e-01
689 2.407546e-01
690 2.391744e-01
691 2.376625e-01
692 2.362140e-01
693 2.348270e-01
694 2.335009e-01
695 2.319936e-01
696 2.306197e-01
697 2.293443e-01
698 2.283518e-01
699 2.270005e-01
700 2.255853e-01
701 2.243802e-01
702 2.228033e-01
703 2.213029e-01
704 2.198419e-01
705 2.184526e-01
706 2.171273e-01
707 2.158613e-01
708 2.146515e-01
709 2.134959e-01
710 2.122715e-01
711 2.111170e-01
712 2.100306e-01
713 2.090135e-01
714 2.080725e-01
715 2.072505e-01
716 2.060911e-01
717 2.050494e-01
718 2.034927e-01
719 2.019782e-01
720 2.005792e-01
721 1.992996e-01
722 1.981216e-01
723 1.969614e-01
724 1.958961e-01
725 1.949335e-01
726 1.941205e-01
727 1.931668e-01
728 1.923463e-01
729 1.912336e-01
730 1.903059e-01
731 1.890208e-01
732 1.878666e-01
733 1.862713e-01
734 1.848951e-01
735 1.836431e-01
736 1.824948e-01
737 1.814428e-01
738 1.806772e-01
739 1.800497e-01
740 1.791375e-01
741 1.783594e-01
742 1.776703e-01
743 1.770618e-01
744 1.765318e-01
745 1.760830e-01
746 1.757249e-01
747 1.755050e-01
748 1.749757e-01
749 1.743977e-01
750 1.736199e-01
