0 2.766932e+00
1 2.626527e+00
2 2.523629e+00
3 2.435250e+00
4 2.356612e+00
5 2.285390e+00
6 2.220294e+00
7 2.160475e+00
8 2.105323e+00
9 2.054395e+00
10 2.007321e+00
11 1.963788e+00
12 1.923651e+00
13 1.886742e+00
14 1.852874e+00
15 1.821637e+00
16 1.792148e+00
17 1.763563e+00
18 1.734117e+00
19 1.704597e+00
20 1.673778e+00
21 1.641796e+00
22 1.609732e+00
23 1.576914e+00
24 1.544203e+00
25 1.511931e+00
26 1.480392e+00
27 1.450106e+00
28 1.420873e+00
29 1.392596e+00
30 1.365369e+00
31 1.339407e+00
32 1.314555e+00
33 1.290696e+00
34 1.267738e+00
35 1.245323e+00
36 1.223451e+00
37 1.201737e+00
38 1.180320e+00
39 1.159022e+00
40 1.138106e+00
41 1.117289e+00
42 1.096557e+00
43 1.076142e+00
44 1.056018e+00
45 1.036562e+00
46 1.017738e+00
47 9.992639e-01
48 9.812201e-01
49 9.635007e-01
50 9.461686e-01
51 9.289261e-01
52 9.122835e-01
53 8.960075e-01
54 8.799654e-01
55 8.641022e-01
56 8.483642e-01
57 8.327408e-01
58 8.173463e-01
59 8.020689e-01
60 7.869423e-01
61 7.721881e-01
62 7.577318e-01
63 7.435214e-01
64 7.297126e-01
65 7.162649e-01
66 7.031994e-01
67 6.903428e-01
68 6.777864e-01
69 6.653668e-01
70 6.531255e-01
71 6.410554e-01
72 6.289091e-01
73 6.168866e-01
74 6.050686e-01
75 5.931195e-01
76 5.812875e-01
77 5.696580e-01
78 5.581024e-01
79 5.466323e-01
80 5.353826e-01
81 5.243516e-01
82 5.135751e-01
83 5.028251e-01
84 4.923114e-01
85 4.819913e-01
86 4.719341e-01
87 4.618807e-01
88 4.519801e-01
89 4.421583e-01
90 4.323484e-01
91 4.227390e-01
92 4.132066e-01
93 4.038489e-01
94 3.945282e-01
95 3.850866e-01
96 3.758853e-01
97 3.667392e-01
98 3.576214e-01
99 3.486367e-01
100 3.397985e-01
101 3.311102e-01
102 3.226125e-01
103 3.142409e-01
104 3.058230e-01
105 2.974135e-01
106 2.890799e-01
107 2.807909e-01
108 2.728089e-01
109 2.649100e-01
110 2.569280e-01
111 2.489779e-01
112 2.411106e-01
113 2.334657e-01
114 2.257488e-01
115 2.181587e-01
116 2.106088e-01
117 2.031301e-01
118 1.957535e-01
119 1.885169e-01
120 1.814072e-01
121 1.743981e-01
122 1.673856e-01
123 1.604682e-01
124 1.535831e-01
125 1.467521e-01
126 1.399544e-01
127 1.331934e-01
128 1.266062e-01
129 1.201910e-01
130 1.138630e-01
131 1.078113e-01
132 1.019461e-01
133 9.624703e-02
134 9.068143e-02
135 8.535666e-02
136 8.032901e-02
137 7.550168e-02
138 7.087381e-02
139 6.645885e-02
140 6.234951e-02
141 5.853772e-02
142 5.500545e-02
143 5.180211e-02
144 4.885221e-02
145 4.620336e-02
146 4.388177e-02
147 4.184386e-02
148 4.010882e-02
149 3.869282e-02
150 3.757983e-02
151 3.670685e-02
152 3.608079e-02
153 3.564720e-02
154 3.540416e-02
155 3.537734e-02
156 3.549163e-02
157 3.571548e-02
158 3.601627e-02
159 3.638330e-02
160 3.686645e-02
161 3.742646e-02
162 3.807439e-02
163 3.875299e-02
164 3.945391e-02
165 4.022558e-02
166 4.103825e-02
167 4.180987e-02
168 4.263890e-02
169 4.349516e-02
170 4.432984e-02
171 4.515306e-02
172 4.599572e-02
173 4.684785e-02
174 4.769054e-02
175 4.853305e-02
176 4.935820e-02
177 5.019219e-02
178 5.096173e-02
179 5.170938e-02
180 5.249223e-02
181 5.323808e-02
182 5.391609e-02
183 5.452597e-02
184 5.507994e-02
185 5.560090e-02
186 5.603106e-02
187 5.642138e-02
188 5.678293e-02
189 5.707810e-02
190 5.729659e-02
191 5.751562e-02
192 5.770423e-02
193 5.787124e-02
194 5.802349e-02
195 5.818211e-02
196 5.833676e-02
197 5.847616e-02
198 5.851952e-02
199 5.852668e-02
200 5.849205e-02
