x_0.000000,-13.000000,-12.000000,52.000000
x_0.001000,-12.983310,-11.897450,51.947339
x_0.002000,-12.965265,-11.795814,51.893359
x_0.003000,-12.945900,-11.695117,51.838066
x_0.004000,-12.925252,-11.595382,51.781465
x_0.005000,-12.903356,-11.496629,51.723563
x_0.006000,-12.880248,-11.398882,51.664369
x_0.007000,-12.855964,-11.302161,51.603892
x_0.008000,-12.830538,-11.206486,51.542142
x_0.009000,-12.804006,-11.111876,51.479129
x_0.010000,-12.776401,-11.018351,51.414866
x_0.011000,-12.747760,-10.925927,51.349364
x_0.012000,-12.718114,-10.834624,51.282638
x_0.013000,-12.687499,-10.744457,51.214700
x_0.014000,-12.655948,-10.655442,51.145566
x_0.015000,-12.623494,-10.567595,51.075250
x_0.016000,-12.590170,-10.480930,51.003769
x_0.017000,-12.556009,-10.395461,50.931139
x_0.018000,-12.521043,-10.311201,50.857377
x_0.019000,-12.485305,-10.228162,50.782500
x_0.020000,-12.448825,-10.146355,50.706526
x_0.021000,-12.411636,-10.065793,50.629474
x_0.022000,-12.373769,-9.986485,50.551363
x_0.023000,-12.335253,-9.908441,50.472211
x_0.024000,-12.296121,-9.831669,50.392038
x_0.025000,-12.256401,-9.756178,50.310864
x_0.026000,-12.216123,-9.681975,50.228709
x_0.027000,-12.175318,-9.609067,50.145593
x_0.028000,-12.134013,-9.537460,50.061538
x_0.029000,-12.092238,-9.467160,49.976563
x_0.030000,-12.050020,-9.398172,49.890691
x_0.031000,-12.007388,-9.330499,49.803941
x_0.032000,-11.964368,-9.264146,49.716336
x_0.033000,-11.920989,-9.199116,49.627897
x_0.034000,-11.877277,-9.135411,49.538645
x_0.035000,-11.833258,-9.073032,49.448603
x_0.036000,-11.788959,-9.011982,49.357791
x_0.037000,-11.744404,-8.952261,49.266231
x_0.038000,-11.699618,-8.893869,49.173946
x_0.039000,-11.654628,-8.836806,49.080957
x_0.040000,-11.609456,-8.781071,48.987285
x_0.041000,-11.564127,-8.726663,48.892953
x_0.042000,-11.518665,-8.673579,48.797981
x_0.043000,-11.473092,-8.621819,48.702392
x_0.044000,-11.427432,-8.571379,48.606207
x_0.045000,-11.381706,-8.522256,48.509447
x_0.046000,-11.335937,-8.474446,48.412134
x_0.047000,-11.290145,-8.427946,48.314289
x_0.048000,-11.244353,-8.382751,48.215932
x_0.049000,-11.198581,-8.338857,48.117085
x_0.050000,-11.152849,-8.296258,48.017769
x_0.051000,-11.107177,-8.254949,47.918004
x_0.052000,-11.061584,-8.214925,47.817810
x_0.053000,-11.016090,-8.176178,47.717208
x_0.054000,-10.970713,-8.138704,47.616218
x_0.055000,-10.925472,-8.102495,47.514860
x_0.056000,-10.880384,-8.067545,47.413153
x_0.057000,-10.835466,-8.033846,47.311117
x_0.058000,-10.790737,-8.001390,47.208772
x_0.059000,-10.746213,-7.970172,47.106135
x_0.060000,-10.701909,-7.940182,47.003227
x_0.061000,-10.657843,-7.911412,46.900066
x_0.062000,-10.614029,-7.883855,46.796670
x_0.063000,-10.570482,-7.857502,46.693057
x_0.064000,-10.527218,-7.832344,46.589246
x_0.065000,-10.484251,-7.808373,46.485255
x_0.066000,-10.441595,-7.785581,46.381100
x_0.067000,-10.399263,-7.763957,46.276800
x_0.068000,-10.357269,-7.743494,46.172370
x_0.069000,-10.315627,-7.724182,46.067829
x_0.070000,-10.274347,-7.706012,45.963193
x_0.071000,-10.233444,-7.688975,45.858477
x_0.072000,-10.192928,-7.673061,45.753700
x_0.073000,-10.152812,-7.658261,45.648875
x_0.074000,-10.113106,-7.644565,45.544020
x_0.075000,-10.073822,-7.631965,45.439149
x_0.076000,-10.034970,-7.620450,45.334278
x_0.077000,-9.996561,-7.610012,45.229421
x_0.078000,-9.958604,-7.600640,45.124595
x_0.079000,-9.921109,-7.592326,45.019813
x_0.080000,-9.884086,-7.585059,44.915090
x_0.081000,-9.847543,-7.578831,44.810440
x_0.082000,-9.811490,-7.573632,44.705877
x_0.083000,-9.775935,-7.569452,44.601415
x_0.084000,-9.740885,-7.566283,44.497067
x_0.085000,-9.706350,-7.564115,44.392847
x_0.086000,-9.672336,-7.562938,44.288768
x_0.087000,-9.638852,-7.562744,44.184844
x_0.088000,-9.605903,-7.563524,44.081086
x_0.089000,-9.573498,-7.565268,43.977508
x_0.090000,-9.541642,-7.567968,43.874122
x_0.091000,-9.510342,-7.571615,43.770941
x_0.092000,-9.479605,-7.576200,43.667976
x_0.093000,-9.449435,-7.581714,43.565240
x_0.094000,-9.419840,-7.588149,43.462744
x_0.095000,-9.390823,-7.595496,43.360500
x_0.096000,-9.362391,-7.603748,43.258520
x_0.097000,-9.334548,-7.612895,43.156814
x_0.098000,-9.307299,-7.622930,43.055395
x_0.099000,-9.280650,-7.633844,42.954273
x_0.100000,-9.254603,-7.645631,42.853458
x_0.101000,-9.229164,-7.658281,42.752963
x_0.102000,-9.204336,-7.671788,42.652797
x_0.103000,-9.180124,-7.686144,42.552972
x_0.104000,-9.156530,-7.701341,42.453496
x_0.105000,-9.133559,-7.717373,42.354382
x_0.106000,-9.111213,-7.734232,42.255639
x_0.107000,-9.089496,-7.751911,42.157277
x_0.108000,-9.068411,-7.770404,42.059306
x_0.109000,-9.047961,-7.789703,41.961736
x_0.110000,-9.028148,-7.809803,41.864577
x_0.111000,-9.008975,-7.830696,41.767839
x_0.112000,-8.990444,-7.852376,41.671531
x_0.113000,-8.972557,-7.874838,41.575662
x_0.114000,-8.955318,-7.898075,41.480243
x_0.115000,-8.938726,-7.922081,41.385283
x_0.116000,-8.922785,-7.946850,41.290791
x_0.117000,-8.907497,-7.972378,41.196776
x_0.118000,-8.892862,-7.998658,41.103248
x_0.119000,-8.878883,-8.025686,41.010215
x_0.120000,-8.865560,-8.053455,40.917687
x_0.121000,-8.852896,-8.081961,40.825673
x_0.122000,-8.840891,-8.111199,40.734182
x_0.123000,-8.829546,-8.141164,40.643223
x_0.124000,-8.818863,-8.171852,40.552805
x_0.125000,-8.808842,-8.203257,40.462937
x_0.126000,-8.799484,-8.235376,40.373627
x_0.127000,-8.790791,-8.268205,40.284885
x_0.128000,-8.782762,-8.301738,40.196719
x_0.129000,-8.775398,-8.335972,40.109138
x_0.130000,-8.768700,-8.370903,40.022152
x_0.131000,-8.762669,-8.406527,39.935768
x_0.132000,-8.757304,-8.442841,39.849996
x_0.133000,-8.752606,-8.479841,39.764844
x_0.134000,-8.748576,-8.517523,39.680321
x_0.135000,-8.745213,-8.555884,39.596437
x_0.136000,-8.742517,-8.594921,39.513199
x_0.137000,-8.740490,-8.634630,39.430617
x_0.138000,-8.739130,-8.675009,39.348699
x_0.139000,-8.738438,-8.716054,39.267454
x_0.140000,-8.738413,-8.757763,39.186891
x_0.141000,-8.739057,-8.800132,39.107020
x_0.142000,-8.740368,-8.843160,39.027848
x_0.143000,-8.742346,-8.886843,38.949385
x_0.144000,-8.744992,-8.931178,38.871639
x_0.145000,-8.748304,-8.976164,38.794621
x_0.146000,-8.752283,-9.021798,38.718338
x_0.147000,-8.756928,-9.068078,38.642800
x_0.148000,-8.762240,-9.115000,38.568016
x_0.149000,-8.768217,-9.162564,38.493994
x_0.150000,-8.774859,-9.210767,38.420745
x_0.151000,-8.782165,-9.259606,38.348278
x_0.152000,-8.790137,-9.309080,38.276601
x_0.153000,-8.798771,-9.359186,38.205724
x_0.154000,-8.808070,-9.409923,38.135657
x_0.155000,-8.818031,-9.461289,38.066409
x_0.156000,-8.828654,-9.513281,37.997989
x_0.157000,-8.839938,-9.565899,37.930407
x_0.158000,-8.851884,-9.619139,37.863673
x_0.159000,-8.864490,-9.673000,37.797796
x_0.160000,-8.877756,-9.727480,37.732786
x_0.161000,-8.891681,-9.782577,37.668653
x_0.162000,-8.906265,-9.838290,37.605407
x_0.163000,-8.921506,-9.894616,37.543058
x_0.164000,-8.937404,-9.951554,37.481616
x_0.165000,-8.953958,-10.009102,37.421091
x_0.166000,-8.971168,-10.067258,37.361493
x_0.167000,-8.989033,-10.126020,37.302832
x_0.168000,-9.007552,-10.185385,37.245120
x_0.169000,-9.026723,-10.245353,37.188366
x_0.170000,-9.046548,-10.305921,37.132580
x_0.171000,-9.067023,-10.367087,37.077775
x_0.172000,-9.088149,-10.428848,37.023959
x_0.173000,-9.109925,-10.491203,36.971144
x_0.174000,-9.132350,-10.554149,36.919342
x_0.175000,-9.155422,-10.617685,36.868562
x_0.176000,-9.179142,-10.681807,36.818816
x_0.177000,-9.203507,-10.746513,36.770115
x_0.178000,-9.228518,-10.811801,36.722470
x_0.179000,-9.254172,-10.877667,36.675892
x_0.180000,-9.280469,-10.944110,36.630394
x_0.181000,-9.307408,-11.011126,36.585986
x_0.182000,-9.334988,-11.078712,36.542680
x_0.183000,-9.363207,-11.146865,36.500488
x_0.184000,-9.392065,-11.215582,36.459421
x_0.185000,-9.421559,-11.284860,36.419491
x_0.186000,-9.451690,-11.354695,36.380711
x_0.187000,-9.482455,-11.425083,36.343092
x_0.188000,-9.513853,-11.496021,36.306646
x_0.189000,-9.545884,-11.567504,36.271386
x_0.190000,-9.578545,-11.639529,36.237323
x_0.191000,-9.611835,-11.712091,36.204471
x_0.192000,-9.645752,-11.785186,36.172841
x_0.193000,-9.680296,-11.858808,36.142446
x_0.194000,-9.715464,-11.932954,36.113299
x_0.195000,-9.751255,-12.007618,36.085412
x_0.196000,-9.787667,-12.082794,36.058799
x_0.197000,-9.824699,-12.158477,36.033471
x_0.198000,-9.862348,-12.234662,36.009442
x_0.199000,-9.900612,-12.311342,35.986725
x_0.200000,-9.939490,-12.388511,35.965332
x_0.201000,-9.978980,-12.466163,35.945277
x_0.202000,-10.019079,-12.544290,35.926573
x_0.203000,-10.059786,-12.622886,35.909234
x_0.204000,-10.101098,-12.701944,35.893271
x_0.205000,-10.143012,-12.781456,35.878699
x_0.206000,-10.185527,-12.861414,35.865531
x_0.207000,-10.228640,-12.941809,35.853780
x_0.208000,-10.272348,-13.022634,35.843459
x_0.209000,-10.316648,-13.103879,35.834583
x_0.210000,-10.361538,-13.185536,35.827163
x_0.211000,-10.407015,-13.267594,35.821215
x_0.212000,-10.453076,-13.350045,35.816750
x_0.213000,-10.499717,-13.432877,35.813783
x_0.214000,-10.546936,-13.516081,35.812327
x_0.215000,-10.594729,-13.599645,35.812396
x_0.216000,-10.643092,-13.683558,35.814002
x_0.217000,-10.692022,-13.767809,35.817159
x_0.218000,-10.741516,-13.852385,35.821880
x_0.219000,-10.791569,-13.937273,35.828179
x_0.220000,-10.842177,-14.022462,35.836069
x_0.221000,-10.893336,-14.107938,35.845563
x_0.222000,-10.945043,-14.193686,35.856674
x_0.223000,-10.997292,-14.279694,35.869415
x_0.224000,-11.050078,-14.365946,35.883799
x_0.225000,-11.103398,-14.452426,35.899839
x_0.226000,-11.157245,-14.539121,35.917547
x_0.227000,-11.211616,-14.626013,35.936935
x_0.228000,-11.266504,-14.713087,35.958018
x_0.229000,-11.321905,-14.800324,35.980805
x_0.230000,-11.377812,-14.887709,36.005311
x_0.231000,-11.434219,-14.975223,36.031546
x_0.232000,-11.491122,-15.062847,36.059522
x_0.233000,-11.548513,-15.150563,36.089252
x_0.234000,-11.606385,-15.238351,36.120745
x_0.235000,-11.664733,-15.326191,36.154014
x_0.236000,-11.723550,-15.414064,36.189068
x_0.237000,-11.782827,-15.501947,36.225920
x_0.238000,-11.842559,-15.589820,36.264578
x_0.239000,-11.902737,-15.677659,36.305053
x_0.240000,-11.963354,-15.765444,36.347355
x_0.241000,-12.024401,-15.853150,36.391492
x_0.242000,-12.085871,-15.940754,36.437475
x_0.243000,-12.147755,-16.028231,36.485311
x_0.244000,-12.210043,-16.115558,36.535009
x_0.245000,-12.272728,-16.202708,36.586577
x_0.246000,-12.335799,-16.289655,36.640022
x_0.247000,-12.399248,-16.376373,36.695351
x_0.248000,-12.463064,-16.462836,36.752571
x_0.249000,-12.527237,-16.549015,36.811687
x_0.250000,-12.591758,-16.634882,36.872706
x_0.251000,-12.656614,-16.720409,36.935632
x_0.252000,-12.721795,-16.805567,37.000470
x_0.253000,-12.787291,-16.890325,37.067223
x_0.254000,-12.853088,-16.974653,37.135896
x_0.255000,-12.919177,-17.058521,37.206490
x_0.256000,-12.985543,-17.141897,37.279009
x_0.257000,-13.052176,-17.224749,37.353452
x_0.258000,-13.119061,-17.307045,37.429822
x_0.259000,-13.186187,-17.388751,37.508118
x_0.260000,-13.253539,-17.469835,37.588339
x_0.261000,-13.321104,-17.550262,37.670485
x_0.262000,-13.388867,-17.629997,37.754552
x_0.263000,-13.456815,-17.709007,37.840539
x_0.264000,-13.524932,-17.787255,37.928440
x_0.265000,-13.593204,-17.864705,38.018252
x_0.266000,-13.661615,-17.941322,38.109970
x_0.267000,-13.730150,-18.017068,38.203585
x_0.268000,-13.798791,-18.091907,38.299092
x_0.269000,-13.867524,-18.165800,38.396483
x_0.270000,-13.936330,-18.238711,38.495747
x_0.271000,-14.005194,-18.310601,38.596874
x_0.272000,-14.074098,-18.381431,38.699855
x_0.273000,-14.143023,-18.451163,38.804675
x_0.274000,-14.211952,-18.519757,38.911323
x_0.275000,-14.280866,-18.587174,39.019784
x_0.276000,-14.349748,-18.653375,39.130041
x_0.277000,-14.418576,-18.718319,39.242080
x_0.278000,-14.487333,-18.781967,39.355882
x_0.279000,-14.555998,-18.844278,39.471428
x_0.280000,-14.624551,-18.905213,39.588698
x_0.281000,-14.692972,-18.964730,39.707671
x_0.282000,-14.761240,-19.022790,39.828325
x_0.283000,-14.829335,-19.079352,39.950637
x_0.284000,-14.897234,-19.134375,40.074580
x_0.285000,-14.964916,-19.187820,40.200130
x_0.286000,-15.032359,-19.239645,40.327258
x_0.287000,-15.099542,-19.289812,40.455936
x_0.288000,-15.166440,-19.338279,40.586135
x_0.289000,-15.233033,-19.385007,40.717822
x_0.290000,-15.299296,-19.429957,40.850966
x_0.291000,-15.365206,-19.473089,40.985532
x_0.292000,-15.430740,-19.514364,41.121486
x_0.293000,-15.495874,-19.553744,41.258790
x_0.294000,-15.560584,-19.591190,41.397407
x_0.295000,-15.624845,-19.626666,41.537298
x_0.296000,-15.688634,-19.660133,41.678423
x_0.297000,-15.751925,-19.691556,41.820738
x_0.298000,-15.814694,-19.720897,41.964202
x_0.299000,-15.876915,-19.748123,42.108769
x_0.300000,-15.938564,-19.773197,42.254395
x_0.301000,-15.999615,-19.796087,42.401031
x_0.302000,-16.060043,-19.816759,42.548630
x_0.303000,-16.119821,-19.835181,42.697141
x_0.304000,-16.178926,-19.851322,42.846515
x_0.305000,-16.237329,-19.865151,42.996698
x_0.306000,-16.295007,-19.876638,43.147637
x_0.307000,-16.351933,-19.885757,43.299278
x_0.308000,-16.408081,-19.892478,43.451565
x_0.309000,-16.463425,-19.896777,43.604441
x_0.310000,-16.517940,-19.898628,43.757848
x_0.311000,-16.571599,-19.898008,43.911727
x_0.312000,-16.624376,-19.894893,44.066018
x_0.313000,-16.676247,-19.889265,44.220659
x_0.314000,-16.727184,-19.881102,44.375588
x_0.315000,-16.777163,-19.870386,44.530743
x_0.316000,-16.826159,-19.857101,44.686058
x_0.317000,-16.874145,-19.841232,44.841470
x_0.318000,-16.921097,-19.822765,44.996912
x_0.319000,-16.966990,-19.801687,45.152318
x_0.320000,-17.011799,-19.777989,45.307621
x_0.321000,-17.055500,-19.751662,45.462753
x_0.322000,-17.098068,-19.722699,45.617645
x_0.323000,-17.139480,-19.691094,45.772229
x_0.324000,-17.179712,-19.656845,45.926434
x_0.325000,-17.218741,-19.619949,46.080192
x_0.326000,-17.256543,-19.580406,46.233431
x_0.327000,-17.293097,-19.538219,46.386081
x_0.328000,-17.328380,-19.493392,46.538071
x_0.329000,-17.362370,-19.445930,46.689330
x_0.330000,-17.395047,-19.395841,46.839788
x_0.331000,-17.426389,-19.343136,46.989372
x_0.332000,-17.456376,-19.287824,47.138011
x_0.333000,-17.484989,-19.229921,47.285635
x_0.334000,-17.512208,-19.169441,47.432172
x_0.335000,-17.538014,-19.106403,47.577552
x_0.336000,-17.562390,-19.040825,47.721705
x_0.337000,-17.585318,-18.972729,47.864560
x_0.338000,-17.606782,-18.902139,48.006048
x_0.339000,-17.626764,-18.829080,48.146101
x_0.340000,-17.645251,-18.753579,48.284648
x_0.341000,-17.662226,-18.675666,48.421624
x_0.342000,-17.677676,-18.595372,48.556961
x_0.343000,-17.691588,-18.512729,48.690593
x_0.344000,-17.703949,-18.427773,48.822454
x_0.345000,-17.714747,-18.340541,48.952480
x_0.346000,-17.723971,-18.251071,49.080609
x_0.347000,-17.731611,-18.159404,49.206778
x_0.348000,-17.737657,-18.065581,49.330926
x_0.349000,-17.742101,-17.969646,49.452993
x_0.350000,-17.744936,-17.871646,49.572921
x_0.351000,-17.746154,-17.771627,49.690653
x_0.352000,-17.745749,-17.669637,49.806134
x_0.353000,-17.743717,-17.565727,49.919308
x_0.354000,-17.740052,-17.459949,50.030125
x_0.355000,-17.734753,-17.352356,50.138531
x_0.356000,-17.727815,-17.243002,50.244480
x_0.357000,-17.719238,-17.131943,50.347922
x_0.358000,-17.709022,-17.019235,50.448811
x_0.359000,-17.697165,-16.904937,50.547105
x_0.360000,-17.683671,-16.789109,50.642760
x_0.361000,-17.668540,-16.671810,50.735736
x_0.362000,-17.651777,-16.553102,50.825994
x_0.363000,-17.633384,-16.433046,50.913499
x_0.364000,-17.613368,-16.311707,50.998216
x_0.365000,-17.591733,-16.189147,51.080111
x_0.366000,-17.568487,-16.065431,51.159155
x_0.367000,-17.543638,-15.940624,51.235319
x_0.368000,-17.517194,-15.814791,51.308577
x_0.369000,-17.489165,-15.687999,51.378904
x_0.370000,-17.459560,-15.560314,51.446279
x_0.371000,-17.428393,-15.431802,51.510680
x_0.372000,-17.395674,-15.302531,51.572091
x_0.373000,-17.361417,-15.172568,51.630494
x_0.374000,-17.325635,-15.041979,51.685877
x_0.375000,-17.288345,-14.910832,51.738227
x_0.376000,-17.249560,-14.779194,51.787536
x_0.377000,-17.209299,-14.647132,51.833794
x_0.378000,-17.167577,-14.514712,51.876998
x_0.379000,-17.124413,-14.382002,51.917142
x_0.380000,-17.079826,-14.249066,51.954227
x_0.381000,-17.033835,-14.115971,51.988252
x_0.382000,-16.986461,-13.982782,52.019220
x_0.383000,-16.937725,-13.849564,52.047136
x_0.384000,-16.887647,-13.716380,52.072006
x_0.385000,-16.836252,-13.583293,52.093838
x_0.386000,-16.783560,-13.450366,52.112642
x_0.387000,-16.729597,-13.317662,52.128431
x_0.388000,-16.674387,-13.185240,52.141218
x_0.389000,-16.617953,-13.053160,52.151018
x_0.390000,-16.560322,-12.921482,52.157849
x_0.391000,-16.501519,-12.790264,52.161730
x_0.392000,-16.441571,-12.659562,52.162680
x_0.393000,-16.380504,-12.529432,52.160722
x_0.394000,-16.318345,-12.399928,52.155879
x_0.395000,-16.255124,-12.271105,52.148176
x_0.396000,-16.190866,-12.143014,52.137640
x_0.397000,-16.125602,-12.015707,52.124296
x_0.398000,-16.059359,-11.889232,52.108176
x_0.399000,-15.992168,-11.763639,52.089308
x_0.400000,-15.924056,-11.638973,52.067724
x_0.401000,-15.855055,-11.515282,52.043457
x_0.402000,-15.785194,-11.392609,52.016539
x_0.403000,-15.714502,-11.270996,51.987005
x_0.404000,-15.643011,-11.150486,51.954891
x_0.405000,-15.570752,-11.031117,51.920233
x_0.406000,-15.497753,-10.912929,51.883067
x_0.407000,-15.424048,-10.795959,51.843433
x_0.408000,-15.349665,-10.680242,51.801367
x_0.409000,-15.274636,-10.565813,51.756911
x_0.410000,-15.198993,-10.452703,51.710103
x_0.411000,-15.122765,-10.340944,51.660985
x_0.412000,-15.045985,-10.230565,51.609597
x_0.413000,-14.968682,-10.121596,51.555980
x_0.414000,-14.890888,-10.014062,51.500177
x_0.415000,-14.812634,-9.907989,51.442229
x_0.416000,-14.733950,-9.803401,51.382180
x_0.417000,-14.654867,-9.700320,51.320072
x_0.418000,-14.575415,-9.598768,51.255948
x_0.419000,-14.495624,-9.498763,51.189851
x_0.420000,-14.415525,-9.400324,51.121824
x_0.421000,-14.335147,-9.303469,51.051912
x_0.422000,-14.254521,-9.208212,50.980157
x_0.423000,-14.173675,-9.114569,50.906602
x_0.424000,-14.092639,-9.022551,50.831292
x_0.425000,-14.011442,-8.932171,50.754269
x_0.426000,-13.930112,-8.843439,50.675577
x_0.427000,-13.848678,-8.756364,50.595259
x_0.428000,-13.767167,-8.670954,50.513358
x_0.429000,-13.685608,-8.587217,50.429916
x_0.430000,-13.604028,-8.505158,50.344975
x_0.431000,-13.522453,-8.424782,50.258579
x_0.432000,-13.440911,-8.346092,50.170768
x_0.433000,-13.359428,-8.269091,50.081584
x_0.434000,-13.278029,-8.193780,49.991070
x_0.435000,-13.196740,-8.120160,49.899264
x_0.436000,-13.115587,-8.048231,49.806208
x_0.437000,-13.034593,-7.977991,49.711942
x_0.438000,-12.953784,-7.909437,49.616505
x_0.439000,-12.873182,-7.842568,49.519937
x_0.440000,-12.792812,-7.777379,49.422276
x_0.441000,-12.712696,-7.713865,49.323561
x_0.442000,-12.632857,-7.652021,49.223828
x_0.443000,-12.553316,-7.591841,49.123116
x_0.444000,-12.474096,-7.533317,49.021461
x_0.445000,-12.395218,-7.476443,48.918899
x_0.446000,-12.316702,-7.421210,48.815466
x_0.447000,-12.238569,-7.367610,48.711197
x_0.448000,-12.160838,-7.315633,48.606126
x_0.449000,-12.083529,-7.265268,48.500287
x_0.450000,-12.006660,-7.216507,48.393715
x_0.451000,-11.930250,-7.169337,48.286441
x_0.452000,-11.854317,-7.123748,48.178498
x_0.453000,-11.778878,-7.079728,48.069918
x_0.454000,-11.703950,-7.037264,47.960731
x_0.455000,-11.629549,-6.996345,47.850970
x_0.456000,-11.555692,-6.956956,47.740662
x_0.457000,-11.482395,-6.919086,47.629839
x_0.458000,-11.409671,-6.882720,47.518528
x_0.459000,-11.337537,-6.847844,47.406759
x_0.460000,-11.266006,-6.814446,47.294559
x_0.461000,-11.195092,-6.782510,47.181955
x_0.462000,-11.124808,-6.752022,47.068974
x_0.463000,-11.055167,-6.722967,46.955642
x_0.464000,-10.986181,-6.695331,46.841984
x_0.465000,-10.917863,-6.669099,46.728026
x_0.466000,-10.850225,-6.644255,46.613792
x_0.467000,-10.783276,-6.620785,46.499307
x_0.468000,-10.717028,-6.598673,46.384593
x_0.469000,-10.651492,-6.577905,46.269674
x_0.470000,-10.586677,-6.558465,46.154572
x_0.471000,-10.522592,-6.540337,46.039310
x_0.472000,-10.459248,-6.523506,45.923908
x_0.473000,-10.396651,-6.507958,45.808387
x_0.474000,-10.334812,-6.493676,45.692769
x_0.475000,-10.273738,-6.480646,45.577074
x_0.476000,-10.213436,-6.468853,45.461320
x_0.477000,-10.153913,-6.458280,45.345528
x_0.478000,-10.095178,-6.448914,45.229716
x_0.479000,-10.037235,-6.440740,45.113902
x_0.480000,-9.980092,-6.433741,44.998105
x_0.481000,-9.923754,-6.427905,44.882342
x_0.482000,-9.868226,-6.423216,44.766630
x_0.483000,-9.813515,-6.419660,44.650986
x_0.484000,-9.759625,-6.417222,44.535426
x_0.485000,-9.706560,-6.415889,44.419967
x_0.486000,-9.654325,-6.415646,44.304624
x_0.487000,-9.602923,-6.416480,44.189412
x_0.488000,-9.552360,-6.418376,44.074347
x_0.489000,-9.502637,-6.421323,43.959444
x_0.490000,-9.453759,-6.425305,43.844716
x_0.491000,-9.405727,-6.430311,43.730177
x_0.492000,-9.358546,-6.436328,43.615842
x_0.493000,-9.312217,-6.443342,43.501724
x_0.494000,-9.266743,-6.451341,43.387836
x_0.495000,-9.222125,-6.460314,43.274192
x_0.496000,-9.178365,-6.470248,43.160803
x_0.497000,-9.135466,-6.481131,43.047682
x_0.498000,-9.093427,-6.492953,42.934842
x_0.499000,-9.052251,-6.505701,42.822293
x_0.500000,-9.011938,-6.519364,42.710050