#dim= 1
5.516990e+01 0.000000e+00
5.145163e+01 2.772093e-02
4.798396e+01 0.000000e+00
4.475000e+01 1.054744e-01
4.173400e+01 1.490857e-01
3.892127e+01 1.814151e-01
3.629811e+01 3.607852e-01
3.385174e+01 3.965543e-01
3.157024e+01 4.661363e-01
2.944251e+01 1.658142e-01
2.745819e+01 3.011837e-01
2.560760e+01 6.256698e-01
2.388173e+01 5.659303e-01
2.227218e+01 4.656370e-01
2.077111e+01 4.886571e-01
1.937121e+01 4.574199e-01
1.806565e+01 8.333262e-01
1.684809e+01 6.518427e-01
1.571258e+01 5.360986e-01
1.465361e+01 7.752713e-01
1.366600e+01 1.029184e+00
1.274496e+01 6.340837e-01
1.188599e+01 4.747487e-01
1.108492e+01 7.728154e-01
1.033783e+01 1.040064e+00
9.641096e+00 9.818911e-01
8.991319e+00 8.780828e-01
8.385334e+00 9.370858e-01
7.820190e+00 9.839595e-01
7.293136e+00 8.224510e-01
6.801603e+00 9.901047e-01
6.343197e+00 9.247876e-01
5.915687e+00 1.170852e+00
5.516990e+00 1.020119e+00
5.145163e+00 8.521029e-01
4.798396e+00 9.450277e-01
4.475000e+00 1.025479e+00
4.173400e+00 8.668811e-01
3.892127e+00 1.116305e+00
3.629811e+00 9.075238e-01
3.385174e+00 8.953712e-01
3.157024e+00 8.164545e-01
2.944251e+00 1.082018e+00
2.745819e+00 1.179769e+00
2.560760e+00 7.785365e-01
2.388173e+00 8.523465e-01
2.227218e+00 1.071242e+00
2.077111e+00 8.658804e-01
1.937121e+00 8.699014e-01
1.806565e+00 9.218844e-01
1.684809e+00 1.062300e+00
1.571258e+00 9.170078e-01
1.465361e+00 9.839584e-01
1.366600e+00 8.917559e-01
1.274496e+00 9.622021e-01
1.188599e+00 9.649466e-01
1.108492e+00 1.000893e+00
1.033783e+00 1.034872e+00
9.641096e-01 1.028668e+00
8.991319e-01 8.672885e-01
8.385334e-01 1.028401e+00
7.820190e-01 9.160357e-01
7.293136e-01 9.585757e-01
6.801603e-01 9.508816e-01
6.343197e-01 9.541950e-01
5.915687e-01 1.061869e+00
5.516990e-01 1.000785e+00
5.145163e-01 9.768503e-01
4.798396e-01 1.091159e+00
4.475000e-01 9.891454e-01
4.173400e-01 9.057519e-01
3.892127e-01 1.027638e+00
3.629811e-01 1.017143e+00
3.385174e-01 1.029941e+00
3.157024e-01 8.897248e-01
2.944251e-01 1.012292e+00
2.745819e-01 1.002974e+00
2.560760e-01 9.398624e-01
2.388173e-01 9.899144e-01
2.227218e-01 1.065385e+00
2.077111e-01 9.228068e-01
1.937121e-01 1.112806e+00
1.806565e-01 1.022196e+00
1.684809e-01 9.961194e-01
1.571258e-01 9.664788e-01
1.465361e-01 1.007610e+00
1.366600e-01 1.005452e+00
1.274496e-01 9.555531e-01
1.188599e-01 1.016780e+00
1.108492e-01 9.691485e-01
1.033783e-01 1.043380e+00
9.641096e-02 9.685361e-01
8.991319e-02 9.985715e-01
8.385334e-02 1.004608e+00
7.820190e-02 9.700380e-01
7.293136e-02 9.718477e-01
6.801603e-02 9.753533e-01
6.343197e-02 1.018393e+00
5.915687e-02 9.891916e-01
#dim= 2
5.516990e+01 0.000000e+00
5.145163e+01 2.772093e-02
4.798396e+01 0.000000e+00
4.475000e+01 1.188623e-01
4.173400e+01 1.486619e-01
3.892127e+01 2.168691e-01
3.629811e+01 4.831119e-01
3.385174e+01 4.638044e-01
3.157024e+01 5.653739e-01
2.944251e+01 3.947664e-01
2.745819e+01 5.706197e-01
2.560760e+01 7.976646e-01
2.388173e+01 9.605122e-01
2.227218e+01 6.287164e-01
2.077111e+01 1.309520e+00
1.937121e+01 6.990134e-01
1.806565e+01 1.292041e+00
1.684809e+01 9.524698e-01
1.571258e+01 9.599571e-01
1.465361e+01 1.118899e+00
1.366600e+01 1.576197e+00
1.274496e+01 1.244597e+00
1.188599e+01 1.115149e+00
1.108492e+01 1.487201e+00
1.033783e+01 1.677643e+00
9.641096e+00 1.668131e+00
8.991319e+00 1.459287e+00
8.385334e+00 1.484074e+00
7.820190e+00 1.746497e+00
7.293136e+00 1.481992e+00
6.801603e+00 1.645813e+00
6.343197e+00 1.542803e+00
5.915687e+00 1.648920e+00
5.516990e+00 1.751285e+00
5.145163e+00 1.461632e+00
4.798396e+00 1.705123e+00
4.475000e+00 1.714182e+00
4.173400e+00 1.546973e+00
3.892127e+00 1.528321e+00
3.629811e+00 1.548391e+00
3.385174e+00 1.807512e+00
3.157024e+00 1.519732e+00
2.944251e+00 1.902802e+00
2.745819e+00 1.616023e+00
2.560760e+00 1.768496e+00
2.388173e+00 1.607763e+00
2.227218e+00 1.817575e+00
2.077111e+00 1.771709e+00
1.937121e+00 1.795314e+00
1.806565e+00 1.881839e+00
1.684809e+00 1.893390e+00
1.571258e+00 1.380581e+00
1.465361e+00 1.773431e+00
1.366600e+00 1.473816e+00
1.274496e+00 1.478275e+00
1.188599e+00 1.500589e+00
1.108492e+00 1.962114e+00
1.033783e+00 1.793993e+00
9.641096e-01 1.847607e+00
8.991319e-01 1.614994e+00
8.385334e-01 1.891017e+00
7.820190e-01 1.499754e+00
7.293136e-01 1.676506e+00
6.801603e-01 1.603265e+00
6.343197e-01 1.832745e+00
5.915687e-01 1.686941e+00
5.516990e-01 1.640792e+00
5.145163e-01 1.794437e+00
4.798396e-01 1.648055e+00
4.475000e-01 1.505288e+00
4.173400e-01 1.357293e+00
3.892127e-01 1.599034e+00
3.629811e-01 1.780803e+00
3.385174e-01 1.309954e+00
3.157024e-01 1.654481e+00
2.944251e-01 1.332785e+00
2.745819e-01 1.511993e+00
2.560760e-01 1.069159e+00
2.388173e-01 1.580047e+00
2.227218e-01 1.831712e+00
2.077111e-01 1.240134e+00
1.937121e-01 1.664177e+00
1.806565e-01 1.554649e+00
1.684809e-01 1.709607e+00
1.571258e-01 1.541098e+00
1.465361e-01 1.403599e+00
1.366600e-01 1.353451e+00
1.274496e-01 1.466754e+00
1.188599e-01 1.592743e+00
1.108492e-01 1.554068e+00
1.033783e-01 2.145362e+00
9.641096e-02 1.370844e+00
8.991319e-02 2.008757e+00
8.385334e-02 1.808874e+00
7.820190e-02 1.688998e+00
7.293136e-02 1.469304e+00
6.801603e-02 1.838935e+00
6.343197e-02 1.980787e+00
5.915687e-02 1.785804e+00
#dim= 3
5.516990e+01 0.000000e+00
5.145163e+01 2.772093e-02
4.798396e+01 0.000000e+00
4.475000e+01 1.188623e-01
4.173400e+01 1.616376e-01
3.892127e+01 2.768284e-01
3.629811e+01 5.612656e-01
3.385174e+01 6.625240e-01
3.157024e+01 1.023545e+00
2.944251e+01 1.009281e+00
2.745819e+01 6.426106e-01
2.560760e+01 1.248206e+00
2.388173e+01 1.164507e+00
2.227218e+01 7.201682e-01
2.077111e+01 1.519965e+00
1.937121e+01 8.675723e-01
1.806565e+01 1.727582e+00
1.684809e+01 1.444105e+00
1.571258e+01 1.384884e+00
1.465361e+01 1.423174e+00
1.366600e+01 1.617497e+00
1.274496e+01 1.554995e+00
1.188599e+01 1.405860e+00
1.108492e+01 1.902850e+00
1.033783e+01 1.993131e+00
9.641096e+00 1.763934e+00
8.991319e+00 1.792200e+00
8.385334e+00 1.466431e+00
7.820190e+00 2.045994e+00
7.293136e+00 1.666505e+00
6.801603e+00 1.481692e+00
6.343197e+00 1.686442e+00
5.915687e+00 1.834367e+00
5.516990e+00 1.607904e+00
5.145163e+00 1.508794e+00
4.798396e+00 1.665157e+00
4.475000e+00 1.827853e+00
4.173400e+00 1.666810e+00
3.892127e+00 1.464364e+00
3.629811e+00 1.551186e+00
3.385174e+00 1.856789e+00
3.157024e+00 1.712180e+00
2.944251e+00 2.212724e+00
2.745819e+00 1.549406e+00
2.560760e+00 1.827170e+00
2.388173e+00 1.968111e+00
2.227218e+00 1.809370e+00
2.077111e+00 1.893439e+00
1.937121e+00 1.688374e+00
1.806565e+00 2.012775e+00
1.684809e+00 2.170146e+00
1.571258e+00 1.628443e+00
1.465361e+00 1.902752e+00
1.366600e+00 1.813068e+00
1.274496e+00 1.593137e+00
1.188599e+00 1.629432e+00
1.108492e+00 1.894512e+00
1.033783e+00 2.043878e+00
9.641096e-01 1.996295e+00
8.991319e-01 1.671661e+00
8.385334e-01 1.568210e+00
7.820190e-01 1.538276e+00
7.293136e-01 1.638272e+00
6.801603e-01 1.660481e+00
6.343197e-01 1.794941e+00
5.915687e-01 1.717624e+00
5.516990e-01 1.641497e+00
5.145163e-01 1.720476e+00
4.798396e-01 1.360796e+00
4.475000e-01 1.361944e+00
4.173400e-01 1.009095e+00
3.892127e-01 1.707955e+00
3.629811e-01 1.521140e+00
3.385174e-01 1.491031e+00
3.157024e-01 1.496950e+00
2.944251e-01 9.268751e-01
2.745819e-01 1.817315e+00
2.560760e-01 1.321527e+00
2.388173e-01 1.600425e+00
2.227218e-01 1.763940e+00
2.077111e-01 1.217246e+00
1.937121e-01 1.650929e+00
1.806565e-01 1.801629e+00
1.684809e-01 1.552399e+00
1.571258e-01 1.630704e+00
1.465361e-01 1.458768e+00
1.366600e-01 1.442892e+00
1.274496e-01 1.933470e+00
1.188599e-01 1.894214e+00
1.108492e-01 2.241384e+00
1.033783e-01 2.596500e+00
9.641096e-02 1.905136e+00
8.991319e-02 2.728884e+00
8.385334e-02 2.259122e+00
7.820190e-02 2.674428e+00
7.293136e-02 2.109542e+00
6.801603e-02 2.175970e+00
6.343197e-02 3.196673e+00
5.915687e-02 2.333544e+00
#dim= 4
5.516990e+01 0.000000e+00
5.145163e+01 2.772093e-02
4.798396e+01 0.000000e+00
4.475000e+01 1.591011e-01
4.173400e+01 3.174582e-01
3.892127e+01 4.261284e-01
3.629811e+01 9.162381e-01
3.385174e+01 9.917877e-01
3.157024e+01 1.211236e+00
2.944251e+01 1.527758e+00
2.745819e+01 7.437125e-01
2.560760e+01 1.631902e+00
2.388173e+01 1.179507e+00
2.227218e+01 1.018312e+00
2.077111e+01 1.595247e+00
1.937121e+01 1.255148e+00
1.806565e+01 2.125203e+00
1.684809e+01 1.665750e+00
1.571258e+01 1.721955e+00
1.465361e+01 1.567913e+00
1.366600e+01 1.625405e+00
1.274496e+01 1.697298e+00
1.188599e+01 1.614100e+00
1.108492e+01 2.054631e+00
1.033783e+01 1.954363e+00
9.641096e+00 1.575885e+00
8.991319e+00 1.681294e+00
8.385334e+00 1.466980e+00
7.820190e+00 1.898274e+00
7.293136e+00 1.726423e+00
6.801603e+00 1.645496e+00
6.343197e+00 1.514004e+00
5.915687e+00 2.237904e+00
5.516990e+00 1.653212e+00
5.145163e+00 1.333005e+00
4.798396e+00 1.704033e+00
4.475000e+00 1.855241e+00
4.173400e+00 1.669103e+00
3.892127e+00 1.567425e+00
3.629811e+00 1.481576e+00
3.385174e+00 1.884707e+00
3.157024e+00 1.703103e+00
2.944251e+00 2.264951e+00
2.745819e+00 1.609508e+00
2.560760e+00 1.842810e+00
2.388173e+00 2.164130e+00
2.227218e+00 1.867318e+00
2.077111e+00 1.890850e+00
1.937121e+00 1.487910e+00
1.806565e+00 1.999292e+00
1.684809e+00 2.206841e+00
1.571258e+00 1.796487e+00
1.465361e+00 2.080733e+00
1.366600e+00 2.036063e+00
1.274496e+00 1.534335e+00
1.188599e+00 1.502563e+00
1.108492e+00 1.827915e+00
1.033783e+00 1.981647e+00
9.641096e-01 1.813612e+00
8.991319e-01 1.656583e+00
8.385334e-01 1.226298e+00
7.820190e-01 1.505191e+00
7.293136e-01 1.347722e+00
6.801603e-01 1.692069e+00
6.343197e-01 1.632646e+00
5.915687e-01 1.658498e+00
5.516990e-01 1.243463e+00
5.145163e-01 1.579639e+00
4.798396e-01 1.221713e+00
4.475000e-01 1.423049e+00
4.173400e-01 9.504395e-01
3.892127e-01 1.636070e+00
3.629811e-01 1.537290e+00
3.385174e-01 1.592225e+00
3.157024e-01 1.571051e+00
2.944251e-01 8.589792e-01
2.745819e-01 1.877994e+00
2.560760e-01 1.559028e+00
2.388173e-01 1.557032e+00
2.227218e-01 1.678101e+00
2.077111e-01 1.180025e+00
1.937121e-01 1.591170e+00
1.806565e-01 2.211260e+00
1.684809e-01 1.624588e+00
1.571258e-01 1.871997e+00
1.465361e-01 1.568643e+00
1.366600e-01 1.483091e+00
1.274496e-01 2.422977e+00
1.188599e-01 2.274473e+00
1.108492e-01 2.810752e+00
1.033783e-01 2.993009e+00
9.641096e-02 2.579691e+00
8.991319e-02 3.622191e+00
8.385334e-02 2.271844e+00
7.820190e-02 3.478794e+00
7.293136e-02 2.388739e+00
6.801603e-02 2.134032e+00
6.343197e-02 4.590019e+00
5.915687e-02 2.316095e+00
#dim= 5
5.516990e+01 0.000000e+00
5.145163e+01 2.772093e-02
4.798396e+01 0.000000e+00
4.475000e+01 1.591011e-01
4.173400e+01 3.438033e-01
3.892127e+01 5.000055e-01
3.629811e+01 9.994644e-01
3.385174e+01 1.368748e+00
3.157024e+01 1.546556e+00
2.944251e+01 1.625544e+00
2.745819e+01 1.462925e+00
2.560760e+01 2.086822e+00
2.388173e+01 1.349253e+00
2.227218e+01 1.421311e+00
2.077111e+01 1.797537e+00
1.937121e+01 1.362744e+00
1.806565e+01 1.977620e+00
1.684809e+01 1.769391e+00
1.571258e+01 1.773610e+00
1.465361e+01 1.439086e+00
1.366600e+01 1.743120e+00
1.274496e+01 1.490946e+00
1.188599e+01 1.642255e+00
1.108492e+01 2.012606e+00
1.033783e+01 2.115287e+00
9.641096e+00 1.671059e+00
8.991319e+00 1.713156e+00
8.385334e+00 1.471285e+00
7.820190e+00 2.005184e+00
7.293136e+00 1.874651e+00
6.801603e+00 1.797508e+00
6.343197e+00 1.469253e+00
5.915687e+00 2.425402e+00
5.516990e+00 1.505464e+00
5.145163e+00 1.473882e+00
4.798396e+00 1.760234e+00
4.475000e+00 1.854281e+00
4.173400e+00 1.983705e+00
3.892127e+00 1.502466e+00
3.629811e+00 1.365955e+00
3.385174e+00 1.992111e+00
3.157024e+00 2.003165e+00
2.944251e+00 2.185365e+00
2.745819e+00 1.625295e+00
2.560760e+00 1.916672e+00
2.388173e+00 2.074470e+00
2.227218e+00 1.981759e+00
2.077111e+00 1.698102e+00
1.937121e+00 1.651746e+00
1.806565e+00 1.780107e+00
1.684809e+00 2.030352e+00
1.571258e+00 1.772232e+00
1.465361e+00 1.775787e+00
1.366600e+00 1.852639e+00
1.274496e+00 1.480305e+00
1.188599e+00 1.542712e+00
1.108492e+00 1.691442e+00
1.033783e+00 1.766571e+00
9.641096e-01 1.803657e+00
8.991319e-01 1.632390e+00
8.385334e-01 1.059396e+00
7.820190e-01 1.306049e+00
7.293136e-01 1.162674e+00
6.801603e-01 1.528130e+00
6.343197e-01 1.648061e+00
5.915687e-01 1.496911e+00
5.516990e-01 1.340302e+00
5.145163e-01 1.374233e+00
4.798396e-01 1.131097e+00
4.475000e-01 1.452947e+00
4.173400e-01 8.924991e-01
3.892127e-01 1.675249e+00
3.629811e-01 1.662125e+00
3.385174e-01 1.602777e+00
3.157024e-01 1.486277e+00
2.944251e-01 8.805403e-01
2.745819e-01 2.082189e+00
2.560760e-01 1.647349e+00
2.388173e-01 1.481849e+00
2.227218e-01 1.672537e+00
2.077111e-01 1.260378e+00
1.937121e-01 1.521736e+00
1.806565e-01 2.398951e+00
1.684809e-01 1.459954e+00
1.571258e-01 2.041876e+00
1.465361e-01 1.719211e+00
1.366600e-01 1.737973e+00
1.274496e-01 2.436558e+00
1.188599e-01 2.318672e+00
1.108492e-01 3.000904e+00
1.033783e-01 2.930166e+00
9.641096e-02 2.724707e+00
8.991319e-02 3.986095e+00
8.385334e-02 2.278696e+00
7.820190e-02 4.001061e+00
7.293136e-02 2.775765e+00
6.801603e-02 2.396852e+00
6.343197e-02 5.243966e+00
5.915687e-02 2.067704e+00
#dim= 6
5.516990e+01 0.000000e+00
5.145163e+01 6.940313e-02
4.798396e+01 5.576551e-02
4.475000e+01 2.781896e-01
4.173400e+01 4.607330e-01
3.892127e+01 6.394078e-01
3.629811e+01 1.163666e+00
3.385174e+01 1.674222e+00
3.157024e+01 1.790133e+00
2.944251e+01 1.816028e+00
2.745819e+01 1.716872e+00
2.560760e+01 2.381153e+00
2.388173e+01 1.456039e+00
2.227218e+01 1.469343e+00
2.077111e+01 2.107729e+00
1.937121e+01 1.566392e+00
1.806565e+01 1.982348e+00
1.684809e+01 1.728798e+00
1.571258e+01 1.916406e+00
1.465361e+01 1.679319e+00
1.366600e+01 1.937140e+00
1.274496e+01 1.707983e+00
1.188599e+01 1.742484e+00
1.108492e+01 2.231747e+00
1.033783e+01 1.904474e+00
9.641096e+00 1.606850e+00
8.991319e+00 1.526494e+00
8.385334e+00 1.486444e+00
7.820190e+00 1.996658e+00
7.293136e+00 1.642062e+00
6.801603e+00 2.037090e+00
6.343197e+00 1.391907e+00
5.915687e+00 2.298427e+00
5.516990e+00 1.372354e+00
5.145163e+00 1.355567e+00
4.798396e+00 1.921032e+00
4.475000e+00 1.720184e+00
4.173400e+00 2.071063e+00
3.892127e+00 1.450893e+00
3.629811e+00 1.641502e+00
3.385174e+00 2.072430e+00
3.157024e+00 1.918858e+00
2.944251e+00 2.101838e+00
2.745819e+00 1.643858e+00
2.560760e+00 1.727240e+00
2.388173e+00 2.071928e+00
2.227218e+00 1.780978e+00
2.077111e+00 1.844740e+00
1.937121e+00 1.640308e+00
1.806565e+00 1.572602e+00
1.684809e+00 1.909245e+00
1.571258e+00 1.808929e+00
1.465361e+00 1.839751e+00
1.366600e+00 1.852071e+00
1.274496e+00 1.418235e+00
1.188599e+00 1.282605e+00
1.108492e+00 1.450860e+00
1.033783e+00 1.537499e+00
9.641096e-01 1.935593e+00
8.991319e-01 1.504439e+00
8.385334e-01 1.125251e+00
7.820190e-01 1.291571e+00
7.293136e-01 1.166951e+00
6.801603e-01 1.512223e+00
6.343197e-01 1.533864e+00
5.915687e-01 1.587588e+00
5.516990e-01 1.403248e+00
5.145163e-01 1.288950e+00
4.798396e-01 1.083211e+00
4.475000e-01 1.491042e+00
4.173400e-01 1.010261e+00
3.892127e-01 1.543770e+00
3.629811e-01 1.665851e+00
3.385174e-01 1.461250e+00
3.157024e-01 1.427244e+00
2.944251e-01 1.062992e+00
2.745819e-01 1.925468e+00
2.560760e-01 1.739700e+00
2.388173e-01 1.326310e+00
2.227218e-01 1.855767e+00
2.077111e-01 1.248340e+00
1.937121e-01 1.648992e+00
1.806565e-01 2.441328e+00
1.684809e-01 1.351105e+00
1.571258e-01 2.114790e+00
1.465361e-01 2.010485e+00
1.366600e-01 1.911398e+00
1.274496e-01 2.402600e+00
1.188599e-01 2.269766e+00
1.108492e-01 3.305926e+00
1.033783e-01 3.106254e+00
9.641096e-02 2.789747e+00
8.991319e-02 3.823790e+00
8.385334e-02 2.287130e+00
7.820190e-02 4.346958e+00
7.293136e-02 2.949306e+00
6.801603e-02 2.043431e+00
6.343197e-02 4.908744e+00
5.915687e-02 1.504526e+00
#dim= 7
5.516990e+01 0.000000e+00
5.145163e+01 6.940313e-02
4.798396e+01 6.974086e-02
4.475000e+01 3.188634e-01
4.173400e+01 5.008617e-01
3.892127e+01 7.804404e-01
3.629811e+01 1.344007e+00
3.385174e+01 1.857310e+00
3.157024e+01 2.197810e+00
2.944251e+01 2.127312e+00
2.745819e+01 1.800280e+00
2.560760e+01 2.765238e+00
2.388173e+01 1.940348e+00
2.227218e+01 1.659451e+00
2.077111e+01 2.483452e+00
1.937121e+01 1.360386e+00
1.806565e+01 2.132857e+00
1.684809e+01 2.259845e+00
1.571258e+01 2.298731e+00
1.465361e+01 1.737200e+00
1.366600e+01 1.899273e+00
1.274496e+01 1.770205e+00
1.188599e+01 1.599126e+00
1.108492e+01 1.911141e+00
1.033783e+01 2.126891e+00
9.641096e+00 1.523585e+00
8.991319e+00 1.555291e+00
8.385334e+00 1.431147e+00
7.820190e+00 1.937108e+00
7.293136e+00 1.709212e+00
6.801603e+00 1.888882e+00
6.343197e+00 1.600977e+00
5.915687e+00 2.014826e+00
5.516990e+00 1.415934e+00
5.145163e+00 1.383891e+00
4.798396e+00 2.049785e+00
4.475000e+00 1.775442e+00
4.173400e+00 2.113883e+00
3.892127e+00 1.429056e+00
3.629811e+00 1.277505e+00
3.385174e+00 2.055739e+00
3.157024e+00 1.374563e+00
2.944251e+00 2.060704e+00
2.745819e+00 1.604403e+00
2.560760e+00 1.829700e+00
2.388173e+00 2.205917e+00
2.227218e+00 1.666371e+00
2.077111e+00 1.770590e+00
1.937121e+00 1.491524e+00
1.806565e+00 1.530091e+00
1.684809e+00 2.097305e+00
1.571258e+00 1.631744e+00
1.465361e+00 1.651997e+00
1.366600e+00 1.741936e+00
1.274496e+00 1.388596e+00
1.188599e+00 1.288482e+00
1.108492e+00 1.279694e+00
1.033783e+00 1.697512e+00
9.641096e-01 1.724037e+00
8.991319e-01 1.339831e+00
8.385334e-01 1.125251e+00
7.820190e-01 1.170865e+00
7.293136e-01 1.197261e+00
6.801603e-01 1.547990e+00
6.343197e-01 1.513257e+00
5.915687e-01 1.334521e+00
5.516990e-01 1.629070e+00
5.145163e-01 1.314030e+00
4.798396e-01 1.158945e+00
4.475000e-01 1.269596e+00
4.173400e-01 1.160701e+00
3.892127e-01 1.523903e+00
3.629811e-01 1.538610e+00
3.385174e-01 1.535929e+00
3.157024e-01 1.502313e+00
2.944251e-01 1.253053e+00
2.745819e-01 1.972690e+00
2.560760e-01 1.706174e+00
2.388173e-01 1.280798e+00
2.227218e-01 1.906665e+00
2.077111e-01 1.381226e+00
1.937121e-01 1.594408e+00
1.806565e-01 2.326346e+00
1.684809e-01 1.384058e+00
1.571258e-01 2.290429e+00
1.465361e-01 2.259246e+00
1.366600e-01 2.091235e+00
1.274496e-01 2.355262e+00
1.188599e-01 2.075999e+00
1.108492e-01 3.617503e+00
1.033783e-01 2.894405e+00
9.641096e-02 2.767026e+00
8.991319e-02 4.057985e+00
8.385334e-02 2.307138e+00
7.820190e-02 4.494210e+00
7.293136e-02 2.951132e+00
6.801603e-02 1.604953e+00
6.343197e-02 4.523913e+00
5.915687e-02 1.222939e+00
#dim= 8
5.516990e+01 0.000000e+00
5.145163e+01 6.940313e-02
4.798396e+01 6.974086e-02
4.475000e+01 3.188634e-01
4.173400e+01 5.008617e-01
3.892127e+01 7.936555e-01
3.629811e+01 1.505723e+00
3.385174e+01 1.991664e+00
3.157024e+01 2.314308e+00
2.944251e+01 2.573061e+00
2.745819e+01 2.008978e+00
2.560760e+01 3.195007e+00
2.388173e+01 2.095094e+00
2.227218e+01 2.058540e+00
2.077111e+01 2.505095e+00
1.937121e+01 1.757771e+00
1.806565e+01 2.737504e+00
1.684809e+01 2.419768e+00
1.571258e+01 2.367288e+00
1.465361e+01 1.672849e+00
1.366600e+01 1.950293e+00
1.274496e+01 2.079115e+00
1.188599e+01 1.531043e+00
1.108492e+01 1.586962e+00
1.033783e+01 1.625800e+00
9.641096e+00 1.453507e+00
8.991319e+00 1.682814e+00
8.385334e+00 1.258822e+00
7.820190e+00 1.773252e+00
7.293136e+00 1.606628e+00
6.801603e+00 1.840241e+00
6.343197e+00 1.572021e+00
5.915687e+00 2.023620e+00
5.516990e+00 1.464736e+00
5.145163e+00 1.533568e+00
4.798396e+00 1.937356e+00
4.475000e+00 1.653341e+00
4.173400e+00 2.065686e+00
3.892127e+00 1.438668e+00
3.629811e+00 1.224887e+00
3.385174e+00 1.982837e+00
3.157024e+00 1.542331e+00
2.944251e+00 2.293086e+00
2.745819e+00 1.595596e+00
2.560760e+00 1.743040e+00
2.388173e+00 2.065826e+00
2.227218e+00 1.594577e+00
2.077111e+00 1.906648e+00
1.937121e+00 1.477642e+00
1.806565e+00 1.610391e+00
1.684809e+00 1.795644e+00
1.571258e+00 1.486782e+00
1.465361e+00 1.566116e+00
1.366600e+00 1.540261e+00
1.274496e+00 1.224780e+00
1.188599e+00 1.177030e+00
1.108492e+00 1.227743e+00
1.033783e+00 1.628480e+00
9.641096e-01 1.899529e+00
8.991319e-01 1.441562e+00
8.385334e-01 1.021020e+00
7.820190e-01 1.112101e+00
7.293136e-01 1.144059e+00
6.801603e-01 1.595625e+00
6.343197e-01 1.341489e+00
5.915687e-01 1.370667e+00
5.516990e-01 1.752977e+00
5.145163e-01 1.418119e+00
4.798396e-01 1.077675e+00
4.475000e-01 1.361286e+00
4.173400e-01 1.135957e+00
3.892127e-01 1.569119e+00
3.629811e-01 1.520999e+00
3.385174e-01 1.626049e+00
3.157024e-01 1.402301e+00
2.944251e-01 1.337737e+00
2.745819e-01 1.960801e+00
2.560760e-01 1.791500e+00
2.388173e-01 1.225323e+00
2.227218e-01 1.882691e+00
2.077111e-01 1.347561e+00
1.937121e-01 1.701981e+00
1.806565e-01 2.573114e+00
1.684809e-01 1.506751e+00
1.571258e-01 2.457547e+00
1.465361e-01 2.516382e+00
1.366600e-01 2.381836e+00
1.274496e-01 2.155261e+00
1.188599e-01 1.896266e+00
1.108492e-01 3.517454e+00
1.033783e-01 2.831335e+00
9.641096e-02 2.742842e+00
8.991319e-02 4.379938e+00
8.385334e-02 2.492846e+00
7.820190e-02 4.428834e+00
7.293136e-02 2.753704e+00
6.801603e-02 1.238371e+00
6.343197e-02 3.700855e+00
5.915687e-02 7.773987e-01
#dim= 9
5.516990e+01 0.000000e+00
5.145163e+01 6.940313e-02
4.798396e+01 1.538803e-01
4.475000e+01 4.554285e-01
4.173400e+01 5.683106e-01
3.892127e+01 8.941372e-01
3.629811e+01 1.720483e+00
3.385174e+01 2.238378e+00
3.157024e+01 2.708037e+00
2.944251e+01 2.877185e+00
2.745819e+01 2.964336e+00
2.560760e+01 3.440047e+00
2.388173e+01 1.977678e+00
2.227218e+01 2.108252e+00
2.077111e+01 2.595130e+00
1.937121e+01 1.992119e+00
1.806565e+01 2.788830e+00
1.684809e+01 2.428819e+00
1.571258e+01 2.250394e+00
1.465361e+01 1.539633e+00
1.366600e+01 1.682004e+00
1.274496e+01 2.043491e+00
1.188599e+01 1.214086e+00
1.108492e+01 1.777024e+00
1.033783e+01 1.656761e+00
9.641096e+00 1.390393e+00
8.991319e+00 1.682760e+00
8.385334e+00 1.546542e+00
7.820190e+00 2.051163e+00
7.293136e+00 1.742698e+00
6.801603e+00 1.628731e+00
6.343197e+00 1.530944e+00
5.915687e+00 2.293617e+00
5.516990e+00 1.544782e+00
5.145163e+00 1.338862e+00
4.798396e+00 1.908858e+00
4.475000e+00 1.771731e+00
4.173400e+00 2.187502e+00
3.892127e+00 1.463228e+00
3.629811e+00 1.056787e+00
3.385174e+00 2.104373e+00
3.157024e+00 1.657470e+00
2.944251e+00 2.160887e+00
2.745819e+00 1.509724e+00
2.560760e+00 1.398775e+00
2.388173e+00 2.085960e+00
2.227218e+00 1.519027e+00
2.077111e+00 1.625648e+00
1.937121e+00 1.219939e+00
1.806565e+00 1.439753e+00
1.684809e+00 1.506389e+00
1.571258e+00 1.519611e+00
1.465361e+00 1.519096e+00
1.366600e+00 1.581750e+00
1.274496e+00 1.462783e+00
1.188599e+00 1.037207e+00
1.108492e+00 1.103950e+00
1.033783e+00 1.608484e+00
9.641096e-01 1.834476e+00
8.991319e-01 1.450512e+00
8.385334e-01 1.047643e+00
7.820190e-01 1.169442e+00
7.293136e-01 1.180172e+00
6.801603e-01 1.410814e+00
6.343197e-01 1.263599e+00
5.915687e-01 1.440711e+00
5.516990e-01 1.733540e+00
5.145163e-01 1.441518e+00
4.798396e-01 1.195579e+00
4.475000e-01 1.347424e+00
4.173400e-01 1.183083e+00
3.892127e-01 1.573373e+00
3.629811e-01 1.486171e+00
3.385174e-01 1.552782e+00
3.157024e-01 1.517014e+00
2.944251e-01 1.389799e+00
2.745819e-01 1.986103e+00
2.560760e-01 1.534463e+00
2.388173e-01 1.172602e+00
2.227218e-01 1.936038e+00
2.077111e-01 1.450974e+00
1.937121e-01 1.731999e+00
1.806565e-01 2.868218e+00
1.684809e-01 1.619269e+00
1.571258e-01 2.355948e+00
1.465361e-01 2.777869e+00
1.366600e-01 2.701979e+00
1.274496e-01 2.038317e+00
1.188599e-01 1.634909e+00
1.108492e-01 3.807403e+00
1.033783e-01 2.559260e+00
9.641096e-02 2.695179e+00
8.991319e-02 4.724893e+00
8.385334e-02 2.587772e+00
7.820190e-02 3.767721e+00
7.293136e-02 2.415295e+00
6.801603e-02 9.751435e-01
6.343197e-02 3.395950e+00
5.915687e-02 5.614525e-01
#dim= 10
5.516990e+01 0.000000e+00
5.145163e+01 8.332418e-02
4.798396e+01 1.963280e-01
4.475000e+01 5.387463e-01
4.173400e+01 6.944225e-01
3.892127e+01 1.097821e+00
3.629811e+01 2.074036e+00
3.385174e+01 2.504002e+00
3.157024e+01 3.122299e+00
2.944251e+01 2.812634e+00
2.745819e+01 3.166809e+00
2.560760e+01 3.714705e+00
2.388173e+01 2.273418e+00
2.227218e+01 2.034488e+00
2.077111e+01 3.115900e+00
1.937121e+01 2.246642e+00
1.806565e+01 2.484343e+00
1.684809e+01 2.047470e+00
1.571258e+01 2.164160e+00
1.465361e+01 1.748059e+00
1.366600e+01 2.232081e+00
1.274496e+01 2.061835e+00
1.188599e+01 1.083241e+00
1.108492e+01 2.205507e+00
1.033783e+01 1.504659e+00
9.641096e+00 1.477348e+00
8.991319e+00 1.575441e+00
8.385334e+00 1.497503e+00
7.820190e+00 1.763228e+00
7.293136e+00 1.607004e+00
6.801603e+00 1.723958e+00
6.343197e+00 1.471536e+00
5.915687e+00 2.360319e+00
5.516990e+00 1.120262e+00
5.145163e+00 1.247251e+00
4.798396e+00 1.890322e+00
4.475000e+00 1.744653e+00
4.173400e+00 2.167389e+00
3.892127e+00 1.275495e+00
3.629811e+00 1.340534e+00
3.385174e+00 2.027116e+00
3.157024e+00 1.783809e+00
2.944251e+00 2.128209e+00
2.745819e+00 1.617843e+00
2.560760e+00 1.472919e+00
2.388173e+00 1.793217e+00
2.227218e+00 1.482010e+00
2.077111e+00 1.283503e+00
1.937121e+00 1.137271e+00
1.806565e+00 1.445918e+00
1.684809e+00 1.453658e+00
1.571258e+00 1.503818e+00
1.465361e+00 1.574829e+00
1.366600e+00 1.678890e+00
1.274496e+00 1.391212e+00
1.188599e+00 1.119817e+00
1.108492e+00 1.045284e+00
1.033783e+00 1.597307e+00
9.641096e-01 1.576936e+00
8.991319e-01 1.476475e+00
8.385334e-01 1.110927e+00
7.820190e-01 1.037264e+00
7.293136e-01 1.285134e+00
6.801603e-01 1.322773e+00
6.343197e-01 1.341489e+00
5.915687e-01 1.309392e+00
5.516990e-01 1.825966e+00
5.145163e-01 1.441518e+00
4.798396e-01 1.475165e+00
4.475000e-01 1.184199e+00
4.173400e-01 1.066722e+00
3.892127e-01 1.520051e+00
3.629811e-01 1.500495e+00
3.385174e-01 1.356185e+00
3.157024e-01 1.331058e+00
2.944251e-01 1.306705e+00
2.745819e-01 2.015620e+00
2.560760e-01 1.588040e+00
2.388173e-01 1.345355e+00
2.227218e-01 2.119780e+00
2.077111e-01 1.580791e+00
1.937121e-01 1.667237e+00
1.806565e-01 3.074434e+00
1.684809e-01 1.652911e+00
1.571258e-01 2.661870e+00
1.465361e-01 2.854479e+00
1.366600e-01 2.600380e+00
1.274496e-01 1.989975e+00
1.188599e-01 1.570253e+00
1.108492e-01 4.082061e+00
1.033783e-01 2.248418e+00
9.641096e-02 2.644492e+00
8.991319e-02 4.924761e+00
8.385334e-02 2.664490e+00
7.820190e-02 3.401999e+00
7.293136e-02 2.170522e+00
6.801603e-02 8.695753e-01
6.343197e-02 2.590772e+00
5.915687e-02 3.392281e-01