#dim= 1
5.915687e+01 1.000000e+00
5.516990e+01 1.000000e+00
5.145163e+01 9.980676e-01
4.798396e+01 9.980676e-01
4.475000e+01 9.907493e-01
4.173400e+01 9.804965e-01
3.892127e+01 9.681633e-01
3.629811e+01 9.440950e-01
3.385174e+01 9.183303e-01
3.157024e+01 8.889423e-01
2.944251e+01 8.787167e-01
2.745819e+01 8.604430e-01
2.560760e+01 8.236874e-01
2.388173e+01 7.917955e-01
2.227218e+01 7.664835e-01
2.077111e+01 7.407899e-01
1.937121e+01 7.175197e-01
1.806565e+01 6.769888e-01
1.684809e+01 6.468874e-01
1.571258e+01 6.231366e-01
1.465361e+01 5.903237e-01
1.366600e+01 5.494179e-01
1.274496e+01 5.256397e-01
1.188599e+01 5.085127e-01
1.108492e+01 4.818182e-01
1.033783e+01 4.480909e-01
9.641096e+00 4.184194e-01
8.991319e+00 3.935530e-01
8.385334e+00 3.686436e-01
7.820190e+00 3.441833e-01
7.293136e+00 3.249878e-01
6.801603e+00 3.032940e-01
6.343197e+00 2.843413e-01
5.915687e+00 2.620352e-01
5.516990e+00 2.440321e-01
5.145163e+00 2.299459e-01
4.798396e+00 2.152724e-01
4.475000e+00 2.004072e-01
4.173400e+00 1.886445e-01
3.892127e+00 1.745086e-01
3.629811e+00 1.638008e-01
3.385174e+00 1.538805e-01
3.157024e+00 1.453592e-01
2.944251e+00 1.347889e-01
2.745819e+00 1.241377e-01
2.560760e+00 1.175741e-01
2.388173e+00 1.107855e-01
2.227218e+00 1.028066e-01
2.077111e+00 9.677923e-02
1.937121e+00 9.107968e-02
1.806565e+00 8.540546e-02
1.684809e+00 7.930393e-02
1.571258e+00 7.438864e-02
1.465361e+00 6.945279e-02
1.366600e+00 6.526296e-02
1.274496e+00 6.102519e-02
1.188599e+00 5.705166e-02
1.108492e+00 5.320326e-02
1.033783e+00 4.949695e-02
9.641096e-01 4.606878e-02
8.991319e-01 4.336359e-02
8.385334e-01 4.036097e-02
7.820190e-01 3.786194e-02
7.293136e-01 3.541238e-02
6.801603e-01 3.313909e-02
6.343197e-01 3.100456e-02
5.915687e-01 2.879040e-02
5.516990e-01 2.684856e-02
5.145163e-01 2.507953e-02
4.798396e-01 2.324096e-02
4.475000e-01 2.169102e-02
4.173400e-01 2.036258e-02
3.892127e-01 1.895363e-02
3.629811e-01 1.765508e-02
3.385174e-01 1.643083e-02
3.157024e-01 1.544181e-02
2.944251e-01 1.438873e-02
2.745819e-01 1.341620e-02
2.560760e-01 1.256460e-02
2.388173e-01 1.172604e-02
2.227218e-01 1.088596e-02
2.077111e-01 1.020712e-02
1.937121e-01 9.444559e-03
1.806565e-01 8.794397e-03
1.684809e-01 8.203905e-03
1.571258e-01 7.668906e-03
1.465361e-01 7.148250e-03
1.366600e-01 6.663946e-03
1.274496e-01 6.234123e-03
1.188599e-01 5.807161e-03
1.108492e-01 5.427448e-03
1.033783e-01 5.046359e-03
9.641096e-02 4.716594e-03
8.991319e-02 4.399150e-03
8.385334e-02 4.101343e-03
7.820190e-02 3.832931e-03
7.293136e-02 3.581633e-03
6.801603e-02 3.345992e-03
6.343197e-02 3.116481e-03
5.915687e-02 2.908634e-03
#dim= 2
5.915687e+01 1.000000e+00
5.516990e+01 1.000000e+00
5.145163e+01 9.980676e-01
4.798396e+01 9.980676e-01
4.475000e+01 9.898242e-01
4.173400e+01 9.796099e-01
3.892127e+01 9.648980e-01
3.629811e+01 9.329140e-01
3.385174e+01 9.032063e-01
3.157024e+01 8.682692e-01
2.944251e+01 8.446792e-01
2.745819e+01 8.117089e-01
2.560760e+01 7.677656e-01
2.388173e+01 7.179963e-01
2.227218e+01 6.871795e-01
2.077111e+01 6.271736e-01
1.937121e+01 5.973179e-01
1.806565e+01 5.458242e-01
1.684809e+01 5.107285e-01
1.571258e+01 4.776398e-01
1.465361e+01 4.417682e-01
1.366600e+01 3.957591e-01
1.274496e+01 3.628406e-01
1.188599e+01 3.356784e-01
1.108492e+01 3.025915e-01
1.033783e+01 2.691653e-01
9.641096e+00 2.395905e-01
8.991319e+00 2.163958e-01
8.385334e+00 1.951088e-01
7.820190e+00 1.727240e-01
7.293136e+00 1.557557e-01
6.801603e+00 1.388580e-01
6.343197e+00 1.246864e-01
5.915687e+00 1.111353e-01
5.516990e+00 9.835188e-02
5.145163e+00 8.881591e-02
4.798396e+00 7.885339e-02
4.475000e+00 6.996413e-02
4.173400e+00 6.280547e-02
3.892127e+00 5.645270e-02
3.629811e+00 5.067150e-02
3.385174e+00 4.466740e-02
3.157024e+00 4.017337e-02
2.944251e+00 3.517852e-02
2.745819e+00 3.142730e-02
2.560760e+00 2.777898e-02
2.388173e+00 2.483112e-02
2.227218e+00 2.187350e-02
2.077111e+00 1.932992e-02
1.937121e+00 1.705401e-02
1.806565e+00 1.495551e-02
1.684809e+00 1.310466e-02
1.571258e+00 1.190118e-02
1.465361e+00 1.051598e-02
1.366600e+00 9.488303e-03
1.274496e+00 8.558395e-03
1.188599e+00 7.707614e-03
1.108492e+00 6.721434e-03
1.033783e+00 5.930598e-03
9.641096e-01 5.213272e-03
8.991319e-01 4.657696e-03
8.385334e-01 4.081950e-03
7.820190e-01 3.676381e-03
7.293136e-01 3.270524e-03
6.801603e-01 2.924378e-03
6.343197e-01 2.573332e-03
5.915687e-01 2.287581e-03
5.516990e-01 2.040119e-03
5.145163e-01 1.800025e-03
4.798396e-01 1.604492e-03
4.475000e-01 1.444517e-03
4.173400e-01 1.313992e-03
3.892127e-01 1.175268e-03
3.629811e-01 1.037943e-03
3.385174e-01 9.472786e-04
3.157024e-01 8.439990e-04
2.944251e-01 7.690499e-04
2.745819e-01 6.920485e-04
2.560760e-01 6.422998e-04
2.388173e-01 5.752513e-04
2.227218e-01 5.062338e-04
2.077111e-01 4.642708e-04
1.937121e-01 4.133727e-04
1.806565e-01 3.708781e-04
1.684809e-01 3.291735e-04
1.571258e-01 2.956140e-04
1.465361e-01 2.680351e-04
1.366600e-01 2.438810e-04
1.274496e-01 2.201562e-04
1.188599e-01 1.969999e-04
1.108492e-01 1.767555e-04
1.033783e-01 1.521816e-04
9.641096e-02 1.382997e-04
8.991319e-02 1.202126e-04
8.385334e-02 1.059584e-04
7.820190e-02 9.417893e-05
7.293136e-02 8.500205e-05
6.801603e-02 7.476599e-05
6.343197e-02 6.511488e-05
5.915687e-02 5.748638e-05
#dim= 3
5.915687e+01 1.000000e+00
5.516990e+01 1.000000e+00
5.145163e+01 9.980676e-01
4.798396e+01 9.980676e-01
4.475000e+01 9.898242e-01
4.173400e+01 9.787234e-01
3.892127e+01 9.600000e-01
3.629811e+01 9.231307e-01
3.385174e+01 8.814277e-01
3.157024e+01 8.206731e-01
2.944251e+01 7.648670e-01
2.745819e+01 7.313291e-01
2.560760e+01 6.703297e-01
2.388173e+01 6.180169e-01
2.227218e+01 5.877289e-01
2.077111e+01 5.285883e-01
1.937121e+01 4.975394e-01
1.806565e+01 4.410385e-01
1.684809e+01 3.987638e-01
1.571258e+01 3.620342e-01
1.465361e+01 3.278107e-01
1.366600e+01 2.928249e-01
1.274496e+01 2.627163e-01
1.188599e+01 2.381689e-01
1.108492e+01 2.085561e-01
1.033783e+01 1.814785e-01
9.641096e+00 1.604621e-01
8.991319e+00 1.416001e-01
8.385334e+00 1.278281e-01
7.820190e+00 1.108221e-01
7.293136e+00 9.865662e-02
6.801603e+00 8.896649e-02
6.343197e+00 7.909011e-02
5.915687e+00 6.958815e-02
5.516990e+00 6.220294e-02
5.145163e+00 5.598735e-02
4.798396e+00 4.984604e-02
4.475000e+00 4.387742e-02
4.173400e+00 3.905995e-02
3.892127e+00 3.526607e-02
3.629811e+00 3.164838e-02
3.385174e+00 2.780258e-02
3.157024e+00 2.467180e-02
2.944251e+00 2.114212e-02
2.745819e+00 1.897566e-02
2.560760e+00 1.670429e-02
2.388173e+00 1.456091e-02
2.227218e+00 1.283391e-02
2.077111e+00 1.124559e-02
1.937121e+00 9.995838e-03
1.806565e+00 8.686124e-03
1.684809e+00 7.465588e-03
1.571258e+00 6.663728e-03
1.465361e+00 5.835232e-03
1.366600e+00 5.141818e-03
1.274496e+00 4.600868e-03
1.188599e+00 4.106417e-03
1.108492e+00 3.597937e-03
1.033783e+00 3.119737e-03
9.641096e-01 2.714089e-03
8.991319e-01 2.415281e-03
8.385334e-01 2.164942e-03
7.820190e-01 1.944607e-03
7.293136e-01 1.734551e-03
6.801603e-01 1.544791e-03
6.343197e-01 1.362942e-03
5.915687e-01 1.209005e-03
5.516990e-01 1.078167e-03
5.145163e-01 9.562034e-04
4.798396e-01 8.695889e-04
4.475000e-01 7.907569e-04
4.173400e-01 7.369946e-04
3.892127e-01 6.541964e-04
3.629811e-01 5.883191e-04
3.385174e-01 5.301884e-04
3.157024e-01 4.776041e-04
2.944251e-01 4.476937e-04
2.745819e-01 3.943763e-04
2.560760e-01 3.596371e-04
2.388173e-01 3.216376e-04
2.227218e-01 2.843898e-04
2.077111e-01 2.612329e-04
1.937121e-01 2.328089e-04
1.806565e-01 2.053075e-04
1.684809e-01 1.842309e-04
1.571258e-01 1.644172e-04
1.465361e-01 1.485053e-04
1.366600e-01 1.342821e-04
1.274496e-01 1.173351e-04
1.188599e-01 1.028082e-04
1.108492e-01 8.792390e-05
1.033783e-01 7.335422e-05
9.641096e-02 6.422346e-05
8.991319e-02 5.308848e-05
8.385334e-02 4.534632e-05
7.820190e-02 3.762693e-05
7.293136e-02 3.247680e-05
6.801603e-02 2.790196e-05
6.343197e-02 2.232369e-05
5.915687e-02 1.896935e-05
#dim= 4
5.915687e+01 1.000000e+00
5.516990e+01 1.000000e+00
5.145163e+01 9.980676e-01
4.798396e+01 9.980676e-01
4.475000e+01 9.870490e-01
4.173400e+01 9.654255e-01
3.892127e+01 9.371429e-01
3.629811e+01 8.791055e-01
3.385174e+01 8.203267e-01
3.157024e+01 7.538462e-01
2.944251e+01 6.776213e-01
2.745819e+01 6.433544e-01
2.560760e+01 5.741148e-01
2.388173e+01 5.287570e-01
2.227218e+01 4.924908e-01
2.077111e+01 4.406130e-01
1.937121e+01 4.036663e-01
1.806565e+01 3.480346e-01
1.684809e+01 3.098455e-01
1.571258e+01 2.747671e-01
1.465361e+01 2.462931e-01
1.366600e+01 2.198860e-01
1.274496e+01 1.953279e-01
1.188599e+01 1.745228e-01
1.108492e+01 1.512135e-01
1.033783e+01 1.319373e-01
9.641096e+00 1.181989e-01
8.991319e+00 1.051151e-01
8.385334e+00 9.488796e-02
7.820190e+00 8.311657e-02
7.293136e+00 7.368376e-02
6.801603e+00 6.569136e-02
6.343197e+00 5.910570e-02
5.915687e+00 5.056082e-02
5.516990e+00 4.505228e-02
5.145163e+00 4.105090e-02
4.798396e+00 3.644898e-02
4.475000e+00 3.202329e-02
4.173400e+00 2.850277e-02
3.892127e+00 2.554991e-02
3.629811e+00 2.304056e-02
3.385174e+00 2.020137e-02
3.157024e+00 1.793790e-02
2.944251e+00 1.531570e-02
2.745819e+00 1.368875e-02
2.560760e+00 1.203708e-02
2.388173e+00 1.035002e-02
2.227218e+00 9.085649e-03
2.077111e+00 7.962647e-03
1.937121e+00 7.177435e-03
1.806565e+00 6.242876e-03
1.684809e+00 5.351933e-03
1.571258e+00 4.721410e-03
1.465361e+00 4.083374e-03
1.366600e+00 3.542585e-03
1.274496e+00 3.182917e-03
1.188599e+00 2.866112e-03
1.108492e+00 2.522910e-03
1.033783e+00 2.197110e-03
9.641096e-01 1.935949e-03
8.991319e-01 1.724624e-03
8.385334e-01 1.583193e-03
7.820190e-01 1.425352e-03
7.293136e-01 1.297424e-03
6.801603e-01 1.152941e-03
6.343197e-01 1.028805e-03
5.915687e-01 9.163799e-04
5.516990e-01 8.402235e-04
5.145163e-01 7.525355e-04
4.798396e-01 6.910435e-04
4.475000e-01 6.257238e-04
4.173400e-01 5.855736e-04
3.892127e-01 5.224005e-04
3.629811e-01 4.692660e-04
3.385174e-01 4.199231e-04
3.157024e-01 3.763243e-04
2.944251e-01 3.544317e-04
2.745819e-01 3.109021e-04
2.560760e-01 2.788562e-04
2.388173e-01 2.501483e-04
2.227218e-01 2.225082e-04
2.077111e-01 2.049216e-04
1.937121e-01 1.833878e-04
1.806565e-01 1.571674e-04
1.684809e-01 1.403242e-04
1.571258e-01 1.231418e-04
1.465361e-01 1.103750e-04
1.366600e-01 9.952418e-05
1.274496e-01 8.404368e-05
1.188599e-01 7.171032e-05
1.108492e-01 5.893962e-05
1.033783e-01 4.783107e-05
9.641096e-02 3.995192e-05
8.991319e-02 3.102946e-05
8.385334e-02 2.648076e-05
7.820190e-02 2.077364e-05
7.293136e-02 1.758436e-05
6.801603e-02 1.515161e-05
6.343197e-02 1.099936e-05
5.915687e-02 9.357992e-06
#dim= 5
5.915687e+01 1.000000e+00
5.516990e+01 1.000000e+00
5.145163e+01 9.980676e-01
4.798396e+01 9.980676e-01
4.475000e+01 9.870490e-01
4.173400e+01 9.636525e-01
3.892127e+01 9.306122e-01
3.629811e+01 8.679245e-01
3.385174e+01 7.888687e-01
3.157024e+01 7.081731e-01
2.944251e+01 6.322379e-01
2.745819e+01 5.708861e-01
2.560760e+01 4.935287e-01
2.388173e+01 4.491857e-01
2.227218e+01 4.067766e-01
2.077111e+01 3.588270e-01
1.937121e+01 3.262795e-01
1.806565e+01 2.842248e-01
1.684809e+01 2.512141e-01
1.571258e+01 2.219720e-01
1.465361e+01 2.007658e-01
1.366600e+01 1.777738e-01
1.274496e+01 1.602093e-01
1.188599e+01 1.428638e-01
1.108492e+01 1.241464e-01
1.033783e+01 1.071111e-01
9.641096e+00 9.532273e-02
8.991319e+00 8.458292e-02
8.385334e+00 7.633053e-02
7.820190e+00 6.636440e-02
7.293136e+00 5.822742e-02
6.801603e+00 5.136385e-02
6.343197e+00 4.635908e-02
5.915687e+00 3.914152e-02
5.516990e+00 3.523852e-02
5.145163e+00 3.179468e-02
4.798396e+00 2.811992e-02
4.475000e+00 2.470721e-02
4.173400e+00 2.151352e-02
3.892127e+00 1.937235e-02
3.629811e+00 1.761123e-02
3.385174e+00 1.532578e-02
3.157024e+00 1.332664e-02
2.944251e+00 1.144188e-02
2.745819e+00 1.021518e-02
2.560760e+00 8.936453e-03
2.388173e+00 7.732189e-03
2.227218e+00 6.733629e-03
2.077111e+00 5.981244e-03
1.937121e+00 5.330140e-03
1.806565e+00 4.707561e-03
1.684809e+00 4.085735e-03
1.571258e+00 3.610490e-03
1.465361e+00 3.189734e-03
1.366600e+00 2.802940e-03
1.274496e+00 2.527878e-03
1.188599e+00 2.269903e-03
1.108492e+00 2.017212e-03
1.033783e+00 1.783278e-03
9.641096e-01 1.572399e-03
8.991319e-01 1.403125e-03
8.385334e-01 1.303147e-03
7.820190e-01 1.189642e-03
7.293136e-01 1.096942e-03
6.801603e-01 9.859995e-04
6.343197e-01 8.788919e-04
5.915687e-01 7.917252e-04
5.516990e-01 7.210399e-04
5.145163e-01 6.551124e-04
4.798396e-01 6.053969e-04
4.475000e-01 5.470304e-04
4.173400e-01 5.140035e-04
3.892127e-01 4.572997e-04
3.629811e-01 4.072242e-04
3.385174e-01 3.641368e-04
3.157024e-01 3.282660e-04
2.944251e-01 3.087044e-04
2.745819e-01 2.669600e-04
2.560760e-01 2.379724e-04
2.388173e-01 2.145962e-04
2.227218e-01 1.909585e-04
2.077111e-01 1.748823e-04
1.937121e-01 1.572652e-04
1.806565e-01 1.330262e-04
1.684809e-01 1.201423e-04
1.571258e-01 1.041888e-04
1.465361e-01 9.241101e-05
1.366600e-01 8.185738e-05
1.274496e-01 6.905939e-05
1.188599e-01 5.874352e-05
1.108492e-01 4.764568e-05
1.033783e-01 3.883565e-05
9.641096e-02 3.211173e-05
8.991319e-02 2.431493e-05
8.385334e-02 2.074061e-05
7.820190e-02 1.568835e-05
7.293136e-02 1.292597e-05
6.801603e-02 1.093532e-05
6.343197e-02 7.584435e-06
5.915687e-02 6.565466e-06
#dim= 6
5.915687e+01 1.000000e+00
5.516990e+01 1.000000e+00
5.145163e+01 9.951691e-01
4.798396e+01 9.913043e-01
4.475000e+01 9.722479e-01
4.173400e+01 9.414894e-01
3.892127e+01 9.004082e-01
3.629811e+01 8.301887e-01
3.385174e+01 7.386570e-01
3.157024e+01 6.519231e-01
2.944251e+01 5.743349e-01
2.745819e+01 5.094937e-01
2.560760e+01 4.315018e-01
2.388173e+01 3.898165e-01
2.227218e+01 3.518315e-01
2.077111e+01 3.037135e-01
1.937121e+01 2.722687e-01
1.806565e+01 2.370973e-01
1.684809e+01 2.101545e-01
1.571258e+01 1.838509e-01
1.465361e+01 1.635225e-01
1.366600e+01 1.428487e-01
1.274496e+01 1.268000e-01
1.188599e+01 1.122837e-01
1.108492e+01 9.609214e-02
1.033783e+01 8.413497e-02
9.641096e+00 7.521148e-02
8.991319e+00 6.761246e-02
8.385334e+00 6.095130e-02
7.820190e+00 5.302470e-02
7.293136e+00 4.728449e-02
6.801603e+00 4.101935e-02
6.343197e+00 3.722286e-02
5.915687e+00 3.170739e-02
5.516990e+00 2.881204e-02
5.145163e+00 2.621176e-02
4.798396e+00 2.292362e-02
4.475000e+00 2.033089e-02
4.173400e+00 1.759531e-02
3.892127e+00 1.590122e-02
3.629811e+00 1.418038e-02
3.385174e+00 1.227120e-02
3.157024e+00 1.073346e-02
2.944251e+00 9.269317e-03
2.745819e+00 8.264829e-03
2.560760e+00 7.326445e-03
2.388173e+00 6.340267e-03
2.227218e+00 5.599362e-03
2.077111e+00 4.923085e-03
1.937121e+00 4.390672e-03
1.806565e+00 3.934381e-03
1.684809e+00 3.443662e-03
1.571258e+00 3.035320e-03
1.465361e+00 2.669651e-03
1.366600e+00 2.346017e-03
1.274496e+00 2.124977e-03
1.188599e+00 1.943066e-03
1.108492e+00 1.755990e-03
1.033783e+00 1.577361e-03
9.641096e-01 1.378088e-03
8.991319e-01 1.240760e-03
8.385334e-01 1.147068e-03
7.820190e-01 1.048216e-03
7.293136e-01 9.662479e-04
6.801603e-01 8.694881e-04
6.343197e-01 7.812372e-04
5.915687e-01 6.993172e-04
5.516990e-01 6.340909e-04
5.145163e-01 5.795521e-04
4.798396e-01 5.373631e-04
4.475000e-01 4.842669e-04
4.173400e-01 4.513057e-04
3.892127e-01 4.052191e-04
3.629811e-01 3.607527e-04
3.385174e-01 3.257837e-04
3.157024e-01 2.949032e-04
2.944251e-01 2.738215e-04
2.745819e-01 2.393978e-04
2.560760e-01 2.120322e-04
2.388173e-01 1.932906e-04
2.227218e-01 1.698147e-04
2.077111e-01 1.556492e-04
1.937121e-01 1.387322e-04
1.806565e-01 1.170032e-04
1.684809e-01 1.064768e-04
1.571258e-01 9.186935e-05
1.465361e-01 7.984484e-05
1.366600e-01 6.987562e-05
1.274496e-01 5.909076e-05
1.188599e-01 5.043579e-05
1.108492e-01 4.004601e-05
1.033783e-01 3.224262e-05
9.641096e-02 2.653949e-05
8.991319e-02 2.032451e-05
8.385334e-02 1.732659e-05
7.820190e-02 1.279343e-05
7.293136e-02 1.041392e-05
6.801603e-02 9.030090e-06
6.343197e-02 6.411244e-06
5.915687e-02 5.772322e-06
#dim= 7
5.915687e+01 1.000000e+00
5.516990e+01 1.000000e+00
5.145163e+01 9.951691e-01
4.798396e+01 9.903382e-01
4.475000e+01 9.685476e-01
4.173400e+01 9.352837e-01
3.892127e+01 8.857143e-01
3.629811e+01 8.064291e-01
3.385174e+01 7.084090e-01
3.157024e+01 6.076923e-01
2.944251e+01 5.238654e-01
2.745819e+01 4.620253e-01
2.560760e+01 3.809524e-01
2.388173e+01 3.327149e-01
2.227218e+01 2.963370e-01
2.077111e+01 2.491895e-01
1.937121e+01 2.266240e-01
1.806565e+01 1.952872e-01
1.684809e+01 1.667991e-01
1.571258e+01 1.420807e-01
1.465361e+01 1.258615e-01
1.366600e+01 1.102400e-01
1.274496e+01 9.743085e-02
1.188599e+01 8.714413e-02
1.108492e+01 7.626491e-02
1.033783e+01 6.574663e-02
9.641096e+00 5.911589e-02
8.991319e+00 5.303643e-02
8.385334e+00 4.799612e-02
7.820190e+00 4.192817e-02
7.293136e+00 3.721445e-02
6.801603e+00 3.261916e-02
6.343197e+00 2.917147e-02
5.915687e+00 2.534562e-02
5.516990e+00 2.296127e-02
5.145163e+00 2.084778e-02
4.798396e+00 1.806946e-02
4.475000e+00 1.596408e-02
4.173400e+00 1.377485e-02
3.892127e+00 1.246758e-02
3.629811e+00 1.140433e-02
3.385174e+00 9.880401e-03
3.157024e+00 8.976792e-03
2.944251e+00 7.774556e-03
2.745819e+00 6.951161e-03
2.560760e+00 6.118034e-03
2.388173e+00 5.245246e-03
2.227218e+00 4.669494e-03
2.077111e+00 4.126820e-03
1.937121e+00 3.718929e-03
1.806565e+00 3.342346e-03
1.684809e+00 2.887332e-03
1.571258e+00 2.576618e-03
1.465361e+00 2.296093e-03
1.366600e+00 2.033310e-03
1.274496e+00 1.845546e-03
1.188599e+00 1.686864e-03
1.108492e+00 1.542771e-03
1.033783e+00 1.370445e-03
9.641096e-01 1.215117e-03
8.991319e-01 1.106667e-03
8.385334e-01 1.023101e-03
7.820190e-01 9.428397e-04
7.293136e-01 8.672757e-04
6.801603e-01 7.784817e-04
6.343197e-01 7.004742e-04
5.915687e-01 6.381931e-04
5.516990e-01 5.696215e-04
5.145163e-01 5.197174e-04
4.798396e-01 4.793445e-04
4.475000e-01 4.387076e-04
4.173400e-01 4.045781e-04
3.892127e-01 3.637672e-04
3.629811e-01 3.267375e-04
3.385174e-01 2.935322e-04
3.157024e-01 2.643206e-04
2.944251e-01 2.421920e-04
2.745819e-01 2.110480e-04
2.560760e-01 1.873609e-04
2.388173e-01 1.713432e-04
2.227218e-01 1.499993e-04
2.077111e-01 1.362178e-04
1.937121e-01 1.218761e-04
1.806565e-01 1.036151e-04
1.684809e-01 9.407669e-05
1.571258e-01 8.018167e-05
1.465361e-01 6.848778e-05
1.366600e-01 5.918918e-05
1.274496e-01 5.021931e-05
1.188599e-01 4.344719e-05
1.108492e-01 3.375518e-05
1.033783e-01 2.758234e-05
9.641096e-02 2.273955e-05
8.991319e-02 1.713218e-05
8.385334e-02 1.458476e-05
7.820190e-02 1.065887e-05
7.293136e-02 8.675269e-06
6.801603e-02 7.756182e-06
6.343197e-02 5.656656e-06
5.915687e-02 5.193989e-06
#dim= 8
5.915687e+01 1.000000e+00
5.516990e+01 1.000000e+00
5.145163e+01 9.951691e-01
4.798396e+01 9.903382e-01
4.475000e+01 9.685476e-01
4.173400e+01 9.352837e-01
3.892127e+01 8.848980e-01
3.629811e+01 7.966457e-01
3.385174e+01 6.932849e-01
3.157024e+01 5.899038e-01
2.944251e+01 4.929577e-01
2.745819e+01 4.284810e-01
2.560760e+01 3.428571e-01
2.388173e+01 2.962276e-01
2.227218e+01 2.565934e-01
2.077111e+01 2.154436e-01
1.937121e+01 1.905758e-01
1.806565e+01 1.574393e-01
1.684809e+01 1.329801e-01
1.571258e+01 1.127329e-01
1.465361e+01 1.003133e-01
1.366600e+01 8.755049e-02
1.274496e+01 7.572775e-02
1.188599e+01 6.805497e-02
1.108492e+01 6.092143e-02
1.033783e+01 5.438804e-02
9.641096e+00 4.914256e-02
8.991319e+00 4.369818e-02
8.385334e+00 4.002370e-02
7.820190e+00 3.536571e-02
7.293136e+00 3.161525e-02
6.801603e+00 2.780557e-02
6.343197e+00 2.491694e-02
5.915687e+00 2.163580e-02
5.516990e+00 1.953381e-02
5.145163e+00 1.755154e-02
4.798396e+00 1.533231e-02
4.475000e+00 1.366175e-02
4.173400e+00 1.182796e-02
3.892127e+00 1.069827e-02
3.629811e+00 9.821910e-03
3.385174e+00 8.552833e-03
3.157024e+00 7.680202e-03
2.944251e+00 6.544632e-03
2.745819e+00 5.855093e-03
2.560760e+00 5.184590e-03
2.388173e+00 4.488628e-03
2.227218e+00 4.015995e-03
2.077111e+00 3.515734e-03
1.937121e+00 3.171312e-03
1.806565e+00 2.834257e-03
1.684809e+00 2.500494e-03
1.571258e+00 2.254092e-03
1.465361e+00 2.020755e-03
1.366600e+00 1.814843e-03
1.274496e+00 1.666190e-03
1.188599e+00 1.534818e-03
1.108492e+00 1.408811e-03
1.033783e+00 1.257491e-03
9.641096e-01 1.101396e-03
8.991319e-01 9.960006e-04
8.385334e-01 9.275122e-04
7.820190e-01 8.582614e-04
7.293136e-01 7.924121e-04
6.801603e-01 7.089226e-04
6.343197e-01 6.455764e-04
5.915687e-01 5.866949e-04
5.516990e-01 5.191487e-04
5.145163e-01 4.702388e-04
4.798396e-01 4.361759e-04
4.475000e-01 3.966528e-04
4.173400e-01 3.664271e-04
3.892127e-01 3.284268e-04
3.629811e-01 2.953573e-04
3.385174e-01 2.636777e-04
3.157024e-01 2.391000e-04
2.944251e-01 2.177920e-04
2.745819e-01 1.899432e-04
2.560760e-01 1.676239e-04
2.388173e-01 1.538881e-04
2.227218e-01 1.349440e-04
2.077111e-01 1.228340e-04
1.937121e-01 1.090795e-04
1.806565e-01 9.115283e-05
1.684809e-01 8.205613e-05
1.571258e-01 6.912576e-05
1.465361e-01 5.799438e-05
1.366600e-01 4.911443e-05
1.274496e-01 4.225695e-05
1.188599e-01 3.701993e-05
1.108492e-01 2.896317e-05
1.033783e-01 2.377103e-05
9.641096e-02 1.963051e-05
8.991319e-02 1.446126e-05
8.385334e-02 1.215249e-05
7.820190e-02 8.921921e-06
7.293136e-02 7.362288e-06
6.801603e-02 6.752839e-06
6.343197e-02 5.216020e-06
5.915687e-02 4.940623e-06
#dim= 9
5.915687e+01 1.000000e+00
5.516990e+01 1.000000e+00
5.145163e+01 9.951691e-01
4.798396e+01 9.845411e-01
4.475000e+01 9.537465e-01
4.173400e+01 9.166667e-01
3.892127e+01 8.612245e-01
3.629811e+01 7.638015e-01
3.385174e+01 6.533575e-01
3.157024e+01 5.408654e-01
2.944251e+01 4.424883e-01
2.745819e+01 3.598101e-01
2.560760e+01 2.830281e-01
2.388173e+01 2.465471e-01
2.227218e+01 2.128205e-01
2.077111e+01 1.775715e-01
1.937121e+01 1.545276e-01
1.806565e+01 1.272026e-01
1.684809e+01 1.073731e-01
1.571258e+01 9.177019e-02
1.465361e+01 8.242255e-02
1.366600e+01 7.329532e-02
1.274496e+01 6.355537e-02
1.188599e+01 5.839313e-02
1.108492e+01 5.158371e-02
1.033783e+01 4.595235e-02
9.641096e+00 4.170370e-02
8.991319e+00 3.708360e-02
8.385334e+00 3.329024e-02
7.820190e+00 2.885097e-02
7.293136e+00 2.554768e-02
6.801603e+00 2.280321e-02
6.343197e+00 2.049291e-02
5.915687e+00 1.746225e-02
5.516990e+00 1.567793e-02
5.145163e+00 1.427963e-02
4.798396e+00 1.249893e-02
4.475000e+00 1.104547e-02
4.173400e+00 9.481916e-03
3.892127e+00 8.561618e-03
3.629811e+00 7.953019e-03
3.385174e+00 6.866938e-03
3.157024e+00 6.116975e-03
2.944251e+00 5.260843e-03
2.745819e+00 4.734848e-03
2.560760e+00 4.294563e-03
2.388173e+00 3.712855e-03
2.227218e+00 3.339465e-03
2.077111e+00 2.981363e-03
1.937121e+00 2.738086e-03
1.806565e+00 2.476385e-03
1.684809e+00 2.229308e-03
1.571258e+00 2.005031e-03
1.465361e+00 1.803383e-03
1.366600e+00 1.614939e-03
1.274496e+00 1.458241e-03
1.188599e+00 1.356435e-03
1.108492e+00 1.255873e-03
1.033783e+00 1.122545e-03
9.641096e-01 9.876742e-04
8.991319e-01 8.926040e-04
8.385334e-01 8.296828e-04
7.820190e-01 7.646707e-04
7.293136e-01 7.042254e-04
6.801603e-01 6.382043e-04
6.343197e-01 5.843443e-04
5.915687e-01 5.284586e-04
5.516990e-01 4.682518e-04
5.145163e-01 4.234450e-04
4.798396e-01 3.895537e-04
4.475000e-01 3.545981e-04
4.173400e-01 3.265016e-04
3.892127e-01 2.925549e-04
3.629811e-01 2.637375e-04
3.385174e-01 2.366562e-04
3.157024e-01 2.128863e-04
2.944251e-01 1.932114e-04
2.745819e-01 1.682084e-04
2.560760e-01 1.511294e-04
2.388173e-01 1.392565e-04
2.227218e-01 1.216600e-04
2.077111e-01 1.099458e-04
1.937121e-01 9.743028e-05
1.806565e-01 7.975873e-05
1.684809e-01 7.123763e-05
1.571258e-01 6.043897e-05
1.465361e-01 4.978967e-05
1.366600e-01 4.123453e-05
1.274496e-01 3.576794e-05
1.188599e-01 3.191179e-05
1.108492e-01 2.446670e-05
1.033783e-01 2.046548e-05
9.641096e-02 1.695704e-05
8.991319e-02 1.219471e-05
8.385334e-02 1.018015e-05
7.820190e-02 7.826736e-06
7.293136e-02 6.612869e-06
6.801603e-02 6.177889e-06
6.343197e-02 4.874528e-06
5.915687e-02 4.687258e-06
#dim= 10
5.915687e+01 1.000000e+00
5.516990e+01 1.000000e+00
5.145163e+01 9.942029e-01
4.798396e+01 9.806763e-01
4.475000e+01 9.444958e-01
4.173400e+01 8.998227e-01
3.892127e+01 8.334694e-01
3.629811e+01 7.211740e-01
3.385174e+01 6.055656e-01
3.157024e+01 4.870192e-01
2.944251e+01 4.002347e-01
2.745819e+01 3.208861e-01
2.560760e+01 2.476190e-01
2.388173e+01 2.112966e-01
2.227218e+01 1.833333e-01
2.077111e+01 1.475096e-01
1.937121e+01 1.261073e-01
1.806565e+01 1.060369e-01
1.684809e+01 9.192053e-02
1.571258e+01 7.903727e-02
1.465361e+01 6.996171e-02
1.366600e+01 5.987170e-02
1.274496e+01 5.184917e-02
1.188599e+01 4.807467e-02
1.108492e+01 4.121761e-02
1.033783e+01 3.710966e-02
9.641096e+00 3.347487e-02
8.991319e+00 2.999012e-02
8.385334e+00 2.701465e-02
7.820190e+00 2.388736e-02
7.293136e+00 2.135360e-02
6.801603e+00 1.893346e-02
6.343197e+00 1.708590e-02
5.915687e+00 1.449149e-02
5.516990e+00 1.340188e-02
5.145163e+00 1.228486e-02
4.798396e+00 1.076683e-02
4.475000e+00 9.532780e-03
4.173400e+00 8.194852e-03
3.892127e+00 7.497039e-03
3.629811e+00 6.827591e-03
3.385174e+00 5.927066e-03
3.157024e+00 5.233412e-03
2.944251e+00 4.511217e-03
2.745819e+00 4.029658e-03
2.560760e+00 3.636087e-03
2.388173e+00 3.208443e-03
2.227218e+00 2.893244e-03
2.077111e+00 2.645398e-03
1.937121e+00 2.443589e-03
1.806565e+00 2.209086e-03
1.684809e+00 1.996008e-03
1.571258e+00 1.797182e-03
1.465361e+00 1.610163e-03
1.366600e+00 1.432170e-03
1.274496e+00 1.299680e-03
1.188599e+00 1.201995e-03
1.108492e+00 1.117448e-03
1.033783e+00 9.995952e-04
9.641096e-01 8.954435e-04
8.991319e-01 8.077864e-04
8.385334e-01 7.475360e-04
7.820190e-01 6.953442e-04
7.293136e-01 6.357061e-04
6.801603e-01 5.796587e-04
6.343197e-01 5.278630e-04
5.915687e-01 4.817732e-04
5.516990e-01 4.241411e-04
5.145163e-01 3.835553e-04
4.798396e-01 3.460398e-04
4.475000e-01 3.185966e-04
4.173400e-01 2.957442e-04
3.892127e-01 2.659832e-04
3.629811e-01 2.395436e-04
3.385174e-01 2.179155e-04
3.157024e-01 1.985880e-04
2.944251e-01 1.812825e-04
2.745819e-01 1.574985e-04
2.560760e-01 1.409789e-04
2.388173e-01 1.283470e-04
2.227218e-01 1.107006e-04
2.077111e-01 9.913961e-05
1.937121e-01 8.825206e-05
1.806565e-01 7.121315e-05
1.684809e-01 6.345590e-05
1.571258e-01 5.269984e-05
1.465361e-01 4.318271e-05
1.366600e-01 3.601725e-05
1.274496e-01 3.134789e-05
1.188599e-01 2.809473e-05
1.108492e-01 2.113129e-05
1.033783e-01 1.806309e-05
9.641096e-02 1.501952e-05
8.991319e-02 1.065175e-05
8.385334e-02 8.844611e-06
7.820190e-02 6.975701e-06
7.293136e-02 5.995348e-06
6.801603e-02 5.642397e-06
6.343197e-02 4.709290e-06
5.915687e-02 4.599131e-06