x_0.000000,-13.000000,-12.000000,52.000000
x_0.001000,-12.983310,-11.897450,51.947339
x_0.002000,-12.965265,-11.795814,51.893359
x_0.003000,-12.945900,-11.695117,51.838066
x_0.004000,-12.925252,-11.595382,51.781465
x_0.005000,-12.903356,-11.496629,51.723563
x_0.006000,-12.880248,-11.398882,51.664369
x_0.007000,-12.855964,-11.302161,51.603892
x_0.008000,-12.830538,-11.206486,51.542142
x_0.009000,-12.804006,-11.111876,51.479129
x_0.010000,-12.776401,-11.018351,51.414866
x_0.011000,-12.747760,-10.925927,51.349364
x_0.012000,-12.718114,-10.834624,51.282638
x_0.013000,-12.687499,-10.744457,51.214700
x_0.014000,-12.655948,-10.655442,51.145566
x_0.015000,-12.623494,-10.567595,51.075250
x_0.016000,-12.590170,-10.480930,51.003769
x_0.017000,-12.556009,-10.395461,50.931139
x_0.018000,-12.521043,-10.311201,50.857377
x_0.019000,-12.485305,-10.228162,50.782500
x_0.020000,-12.448825,-10.146355,50.706526
x_0.021000,-12.411636,-10.065793,50.629474
x_0.022000,-12.373769,-9.986485,50.551363
x_0.023000,-12.335253,-9.908441,50.472211
x_0.024000,-12.296121,-9.831669,50.392038
x_0.025000,-12.256401,-9.756178,50.310864
x_0.026000,-12.216123,-9.681975,50.228709
x_0.027000,-12.175318,-9.609067,50.145593
x_0.028000,-12.134013,-9.537460,50.061538
x_0.029000,-12.092238,-9.467160,49.976563
x_0.030000,-12.050020,-9.398172,49.890691
x_0.031000,-12.007388,-9.330499,49.803941
x_0.032000,-11.964368,-9.264146,49.716336
x_0.033000,-11.920989,-9.199116,49.627897
x_0.034000,-11.877277,-9.135411,49.538645
x_0.035000,-11.833258,-9.073032,49.448603
x_0.036000,-11.788959,-9.011982,49.357791
x_0.037000,-11.744404,-8.952261,49.266231
x_0.038000,-11.699618,-8.893869,49.173946
x_0.039000,-11.654628,-8.836806,49.080957
x_0.040000,-11.609456,-8.781071,48.987285
x_0.041000,-11.564127,-8.726663,48.892953
x_0.042000,-11.518665,-8.673579,48.797981
x_0.043000,-11.473092,-8.621819,48.702392
x_0.044000,-11.427432,-8.571379,48.606207
x_0.045000,-11.381706,-8.522256,48.509447
x_0.046000,-11.335937,-8.474446,48.412134
x_0.047000,-11.290145,-8.427946,48.314289
x_0.048000,-11.244353,-8.382751,48.215932
x_0.049000,-11.198581,-8.338857,48.117085
x_0.050000,-11.152849,-8.296258,48.017769
x_0.051000,-11.107177,-8.254949,47.918004
x_0.052000,-11.061584,-8.214925,47.817810
x_0.053000,-11.016090,-8.176178,47.717208
x_0.054000,-10.970713,-8.138704,47.616218
x_0.055000,-10.925472,-8.102495,47.514860
x_0.056000,-10.880384,-8.067545,47.413153
x_0.057000,-10.835466,-8.033846,47.311117
x_0.058000,-10.790737,-8.001390,47.208772
x_0.059000,-10.746213,-7.970172,47.106135
x_0.060000,-10.701909,-7.940182,47.003227
x_0.061000,-10.657843,-7.911412,46.900066
x_0.062000,-10.614029,-7.883855,46.796670
x_0.063000,-10.570482,-7.857502,46.693057
x_0.064000,-10.527218,-7.832344,46.589246
x_0.065000,-10.484251,-7.808373,46.485255
x_0.066000,-10.441595,-7.785581,46.381100
x_0.067000,-10.399263,-7.763957,46.276800
x_0.068000,-10.357269,-7.743494,46.172370
x_0.069000,-10.315627,-7.724182,46.067829
x_0.070000,-10.274347,-7.706012,45.963193
x_0.071000,-10.233444,-7.688975,45.858477
x_0.072000,-10.192928,-7.673061,45.753700
x_0.073000,-10.152812,-7.658261,45.648875
x_0.074000,-10.113106,-7.644565,45.544020
x_0.075000,-10.073822,-7.631965,45.439149
x_0.076000,-10.034970,-7.620450,45.334278
x_0.077000,-9.996561,-7.610012,45.229421
x_0.078000,-9.958604,-7.600640,45.124595
x_0.079000,-9.921109,-7.592326,45.019813
x_0.080000,-9.884086,-7.585059,44.915090
x_0.081000,-9.847543,-7.578831,44.810440
x_0.082000,-9.811490,-7.573632,44.705877
x_0.083000,-9.775935,-7.569452,44.601415
x_0.084000,-9.740885,-7.566283,44.497067
x_0.085000,-9.706350,-7.564115,44.392847
x_0.086000,-9.672336,-7.562938,44.288768
x_0.087000,-9.638852,-7.562744,44.184844
x_0.088000,-9.605903,-7.563524,44.081086
x_0.089000,-9.573498,-7.565268,43.977508
x_0.090000,-9.541642,-7.567968,43.874122
x_0.091000,-9.510342,-7.571615,43.770941
x_0.092000,-9.479605,-7.576200,43.667976
x_0.093000,-9.449435,-7.581714,43.565240
x_0.094000,-9.419840,-7.588149,43.462744
x_0.095000,-9.390823,-7.595496,43.360500
x_0.096000,-9.362391,-7.603748,43.258520
x_0.097000,-9.334548,-7.612895,43.156814
x_0.098000,-9.307299,-7.622930,43.055395
x_0.099000,-9.280650,-7.633844,42.954273
x_0.100000,-9.254603,-7.645631,42.853458
x_0.101000,-9.229164,-7.658281,42.752963
x_0.102000,-9.204336,-7.671788,42.652797
x_0.103000,-9.180124,-7.686144,42.552972
x_0.104000,-9.156530,-7.701341,42.453496
x_0.105000,-9.133559,-7.717373,42.354382
x_0.106000,-9.111213,-7.734232,42.255639
x_0.107000,-9.089496,-7.751911,42.157277
x_0.108000,-9.068411,-7.770404,42.059306
x_0.109000,-9.047961,-7.789703,41.961736
x_0.110000,-9.028148,-7.809803,41.864577
x_0.111000,-9.008975,-7.830696,41.767839
x_0.112000,-8.990444,-7.852376,41.671531
x_0.113000,-8.972557,-7.874838,41.575662
x_0.114000,-8.955318,-7.898075,41.480243
x_0.115000,-8.938726,-7.922081,41.385283
x_0.116000,-8.922785,-7.946850,41.290791
x_0.117000,-8.907497,-7.972378,41.196776
x_0.118000,-8.892862,-7.998658,41.103248
x_0.119000,-8.878883,-8.025686,41.010215
x_0.120000,-8.865560,-8.053455,40.917687
x_0.121000,-8.852896,-8.081961,40.825673
x_0.122000,-8.840891,-8.111199,40.734182
x_0.123000,-8.829546,-8.141164,40.643223
x_0.124000,-8.818863,-8.171852,40.552805
x_0.125000,-8.808842,-8.203257,40.462937
x_0.126000,-8.799484,-8.235376,40.373627
x_0.127000,-8.790791,-8.268205,40.284885
x_0.128000,-8.782762,-8.301738,40.196719
x_0.129000,-8.775398,-8.335972,40.109138
x_0.130000,-8.768700,-8.370903,40.022152
x_0.131000,-8.762669,-8.406527,39.935768
x_0.132000,-8.757304,-8.442841,39.849996
x_0.133000,-8.752606,-8.479841,39.764844
x_0.134000,-8.748576,-8.517523,39.680321
x_0.135000,-8.745213,-8.555884,39.596437
x_0.136000,-8.742517,-8.594921,39.513199
x_0.137000,-8.740490,-8.634630,39.430617
x_0.138000,-8.739130,-8.675009,39.348699
x_0.139000,-8.738438,-8.716054,39.267454
x_0.140000,-8.738413,-8.757763,39.186891
x_0.141000,-8.739057,-8.800132,39.107020
x_0.142000,-8.740368,-8.843160,39.027848
x_0.143000,-8.742346,-8.886843,38.949385
x_0.144000,-8.744992,-8.931178,38.871639
x_0.145000,-8.748304,-8.976164,38.794621
x_0.146000,-8.752283,-9.021798,38.718338
x_0.147000,-8.756928,-9.068078,38.642800
x_0.148000,-8.762240,-9.115000,38.568016
x_0.149000,-8.768217,-9.162564,38.493994
x_0.150000,-8.774859,-9.210767,38.420745
x_0.151000,-8.782165,-9.259606,38.348278
x_0.152000,-8.790137,-9.309080,38.276601
x_0.153000,-8.798771,-9.359186,38.205724
x_0.154000,-8.808070,-9.409923,38.135657
x_0.155000,-8.818031,-9.461289,38.066409
x_0.156000,-8.828654,-9.513281,37.997989
x_0.157000,-8.839938,-9.565899,37.930407
x_0.158000,-8.851884,-9.619139,37.863673
x_0.159000,-8.864490,-9.673000,37.797796
x_0.160000,-8.877756,-9.727480,37.732786
x_0.161000,-8.891681,-9.782577,37.668653
x_0.162000,-8.906265,-9.838290,37.605407
x_0.163000,-8.921506,-9.894616,37.543058
x_0.164000,-8.937404,-9.951554,37.481616
x_0.165000,-8.953958,-10.009102,37.421091
x_0.166000,-8.971168,-10.067258,37.361493
x_0.167000,-8.989033,-10.126020,37.302832
x_0.168000,-9.007552,-10.185385,37.245120
x_0.169000,-9.026723,-10.245353,37.188366
x_0.170000,-9.046548,-10.305921,37.132580
x_0.171000,-9.067023,-10.367087,37.077775
x_0.172000,-9.088149,-10.428848,37.023959
x_0.173000,-9.109925,-10.491203,36.971144
x_0.174000,-9.132350,-10.554149,36.919342
x_0.175000,-9.155422,-10.617685,36.868562
x_0.176000,-9.179142,-10.681807,36.818816
x_0.177000,-9.203507,-10.746513,36.770115
x_0.178000,-9.228518,-10.811801,36.722470
x_0.179000,-9.254172,-10.877667,36.675892
x_0.180000,-9.280469,-10.944110,36.630394
x_0.181000,-9.307408,-11.011126,36.585986
x_0.182000,-9.334988,-11.078712,36.542680
x_0.183000,-9.363207,-11.146865,36.500488
x_0.184000,-9.392065,-11.215582,36.459421
x_0.185000,-9.421559,-11.284860,36.419491
x_0.186000,-9.451690,-11.354695,36.380711
x_0.187000,-9.482455,-11.425083,36.343092
x_0.188000,-9.513853,-11.496021,36.306646
x_0.189000,-9.545884,-11.567504,36.271386
x_0.190000,-9.578545,-11.639529,36.237323
x_0.191000,-9.611835,-11.712091,36.204471
x_0.192000,-9.645752,-11.785186,36.172841
x_0.193000,-9.680296,-11.858808,36.142446
x_0.194000,-9.715464,-11.932954,36.113299
x_0.195000,-9.751255,-12.007618,36.085412
x_0.196000,-9.787667,-12.082794,36.058799
x_0.197000,-9.824699,-12.158477,36.033471
x_0.198000,-9.862348,-12.234662,36.009442
x_0.199000,-9.900612,-12.311342,35.986725
x_0.200000,-9.939490,-12.388511,35.965332
x_0.201000,-9.978980,-12.466163,35.945277
x_0.202000,-10.019079,-12.544290,35.926573
x_0.203000,-10.059786,-12.622886,35.909234
x_0.204000,-10.101098,-12.701944,35.893271
x_0.205000,-10.143012,-12.781456,35.878699
x_0.206000,-10.185527,-12.861414,35.865531
x_0.207000,-10.228640,-12.941809,35.853780
x_0.208000,-10.272348,-13.022634,35.843459
x_0.209000,-10.316648,-13.103879,35.834583
x_0.210000,-10.361538,-13.185536,35.827163
x_0.211000,-10.407015,-13.267594,35.821215
x_0.212000,-10.453076,-13.350045,35.816750
x_0.213000,-10.499717,-13.432877,35.813783
x_0.214000,-10.546936,-13.516081,35.812327
x_0.215000,-10.594729,-13.599645,35.812396
x_0.216000,-10.643092,-13.683558,35.814002
x_0.217000,-10.692022,-13.767809,35.817159
x_0.218000,-10.741516,-13.852385,35.821880
x_0.219000,-10.791569,-13.937273,35.828179
x_0.220000,-10.842177,-14.022462,35.836069
x_0.221000,-10.893336,-14.107938,35.845563
x_0.222000,-10.945043,-14.193686,35.856674
x_0.223000,-10.997292,-14.279694,35.869415
x_0.224000,-11.050078,-14.365946,35.883799
x_0.225000,-11.103398,-14.452426,35.899839
x_0.226000,-11.157245,-14.539121,35.917547
x_0.227000,-11.211616,-14.626013,35.936935
x_0.228000,-11.266504,-14.713087,35.958018
x_0.229000,-11.321905,-14.800324,35.980805
x_0.230000,-11.377812,-14.887709,36.005311
x_0.231000,-11.434219,-14.975223,36.031546
x_0.232000,-11.491122,-15.062847,36.059522
x_0.233000,-11.548513,-15.150563,36.089252
x_0.234000,-11.606385,-15.238351,36.120745
x_0.235000,-11.664733,-15.326191,36.154014
x_0.236000,-11.723550,-15.414064,36.189068
x_0.237000,-11.782827,-15.501947,36.225920
x_0.238000,-11.842559,-15.589820,36.264578
x_0.239000,-11.902737,-15.677659,36.305053
x_0.240000,-11.963354,-15.765444,36.347355
x_0.241000,-12.024401,-15.853150,36.391492
x_0.242000,-12.085871,-15.940754,36.437475
x_0.243000,-12.147755,-16.028231,36.485311
x_0.244000,-12.210043,-16.115558,36.535009
x_0.245000,-12.272728,-16.202708,36.586577
x_0.246000,-12.335799,-16.289655,36.640022
x_0.247000,-12.399248,-16.376373,36.695351
x_0.248000,-12.463064,-16.462836,36.752571
x_0.249000,-12.527237,-16.549015,36.811687
x_0.250000,-12.591758,-16.634882,36.872706
x_0.251000,-12.656614,-16.720409,36.935632
x_0.252000,-12.721795,-16.805567,37.000470
x_0.253000,-12.787291,-16.890325,37.067223
x_0.254000,-12.853088,-16.974653,37.135896
x_0.255000,-12.919177,-17.058521,37.206490
x_0.256000,-12.985543,-17.141897,37.279009
x_0.257000,-13.052176,-17.224749,37.353452
x_0.258000,-13.119061,-17.307045,37.429822
x_0.259000,-13.186187,-17.388751,37.508118
x_0.260000,-13.253539,-17.469835,37.588339
x_0.261000,-13.321104,-17.550262,37.670485
x_0.262000,-13.388867,-17.629997,37.754552
x_0.263000,-13.456815,-17.709007,37.840539
x_0.264000,-13.524932,-17.787255,37.928440
x_0.265000,-13.593204,-17.864705,38.018252
x_0.266000,-13.661615,-17.941322,38.109970
x_0.267000,-13.730150,-18.017068,38.203585
x_0.268000,-13.798791,-18.091907,38.299092
x_0.269000,-13.867524,-18.165800,38.396483
x_0.270000,-13.936330,-18.238711,38.495747
x_0.271000,-14.005194,-18.310601,38.596874
x_0.272000,-14.074098,-18.381431,38.699855
x_0.273000,-14.143023,-18.451163,38.804675
x_0.274000,-14.211952,-18.519757,38.911323
x_0.275000,-14.280866,-18.587174,39.019784
x_0.276000,-14.349748,-18.653375,39.130041
x_0.277000,-14.418576,-18.718319,39.242080
x_0.278000,-14.487333,-18.781967,39.355882
x_0.279000,-14.555998,-18.844278,39.471428
x_0.280000,-14.624551,-18.905213,39.588698
x_0.281000,-14.692972,-18.964730,39.707671
x_0.282000,-14.761240,-19.022790,39.828325
x_0.283000,-14.829335,-19.079352,39.950637
x_0.284000,-14.897234,-19.134375,40.074580
x_0.285000,-14.964916,-19.187820,40.200130
x_0.286000,-15.032359,-19.239645,40.327258
x_0.287000,-15.099542,-19.289812,40.455936
x_0.288000,-15.166440,-19.338279,40.586135
x_0.289000,-15.233033,-19.385007,40.717822
x_0.290000,-15.299296,-19.429957,40.850966
x_0.291000,-15.365206,-19.473089,40.985532
x_0.292000,-15.430740,-19.514364,41.121486
x_0.293000,-15.495874,-19.553744,41.258790
x_0.294000,-15.560584,-19.591190,41.397407
x_0.295000,-15.624845,-19.626666,41.537298
x_0.296000,-15.688634,-19.660133,41.678423
x_0.297000,-15.751925,-19.691556,41.820738
x_0.298000,-15.814694,-19.720897,41.964202
x_0.299000,-15.876915,-19.748123,42.108769
x_0.300000,-15.938564,-19.773197,42.254395
x_0.301000,-15.999615,-19.796087,42.401031
x_0.302000,-16.060043,-19.816759,42.548630
x_0.303000,-16.119821,-19.835181,42.697141
x_0.304000,-16.178926,-19.851322,42.846515
x_0.305000,-16.237329,-19.865151,42.996698
x_0.306000,-16.295007,-19.876638,43.147637
x_0.307000,-16.351933,-19.885757,43.299278
x_0.308000,-16.408081,-19.892478,43.451565
x_0.309000,-16.463425,-19.896777,43.604441
x_0.310000,-16.517940,-19.898628,43.757848
x_0.311000,-16.571599,-19.898008,43.911727
x_0.312000,-16.624376,-19.894893,44.066018
x_0.313000,-16.676247,-19.889265,44.220659
x_0.314000,-16.727184,-19.881102,44.375588
x_0.315000,-16.777163,-19.870386,44.530743
x_0.316000,-16.826159,-19.857101,44.686058
x_0.317000,-16.874145,-19.841232,44.841470
x_0.318000,-16.921097,-19.822765,44.996912
x_0.319000,-16.966990,-19.801687,45.152318
x_0.320000,-17.011799,-19.777989,45.307621
x_0.321000,-17.055500,-19.751662,45.462753
x_0.322000,-17.098068,-19.722699,45.617645
x_0.323000,-17.139480,-19.691094,45.772229
x_0.324000,-17.179712,-19.656845,45.926434
x_0.325000,-17.218741,-19.619949,46.080192
x_0.326000,-17.256543,-19.580406,46.233431
x_0.327000,-17.293097,-19.538219,46.386081
x_0.328000,-17.328380,-19.493392,46.538071
x_0.329000,-17.362370,-19.445930,46.689330
x_0.330000,-17.395047,-19.395841,46.839788
x_0.331000,-17.426389,-19.343136,46.989372
x_0.332000,-17.456376,-19.287824,47.138011
x_0.333000,-17.484989,-19.229921,47.285635
x_0.334000,-17.512208,-19.169441,47.432172
x_0.335000,-17.538014,-19.106403,47.577552
x_0.336000,-17.562390,-19.040825,47.721705
x_0.337000,-17.585318,-18.972729,47.864560
x_0.338000,-17.606782,-18.902139,48.006048
x_0.339000,-17.626764,-18.829080,48.146101
x_0.340000,-17.645251,-18.753579,48.284648
x_0.341000,-17.662226,-18.675666,48.421624
x_0.342000,-17.677676,-18.595372,48.556961
x_0.343000,-17.691588,-18.512729,48.690593
x_0.344000,-17.703949,-18.427773,48.822454
x_0.345000,-17.714747,-18.340541,48.952480
x_0.346000,-17.723971,-18.251071,49.080609
x_0.347000,-17.731611,-18.159404,49.206778
x_0.348000,-17.737657,-18.065581,49.330926
x_0.349000,-17.742101,-17.969646,49.452993
x_0.350000,-17.744936,-17.871646,49.572921
x_0.351000,-17.746154,-17.771627,49.690653
x_0.352000,-17.745749,-17.669637,49.806134
x_0.353000,-17.743717,-17.565727,49.919308
x_0.354000,-17.740052,-17.459949,50.030125
x_0.355000,-17.734753,-17.352356,50.138531
x_0.356000,-17.727815,-17.243002,50.244480
x_0.357000,-17.719238,-17.131943,50.347922
x_0.358000,-17.709022,-17.019235,50.448811
x_0.359000,-17.697165,-16.904937,50.547105
x_0.360000,-17.683671,-16.789109,50.642760
x_0.361000,-17.668540,-16.671810,50.735736
x_0.362000,-17.651777,-16.553102,50.825994
x_0.363000,-17.633384,-16.433046,50.913499
x_0.364000,-17.613368,-16.311707,50.998216
x_0.365000,-17.591733,-16.189147,51.080111
x_0.366000,-17.568487,-16.065431,51.159155
x_0.367000,-17.543638,-15.940624,51.235319
x_0.368000,-17.517194,-15.814791,51.308577
x_0.369000,-17.489165,-15.687999,51.378904
x_0.370000,-17.459560,-15.560314,51.446279
x_0.371000,-17.428393,-15.431802,51.510680
x_0.372000,-17.395674,-15.302531,51.572091
x_0.373000,-17.361417,-15.172568,51.630494
x_0.374000,-17.325635,-15.041979,51.685877
x_0.375000,-17.288345,-14.910832,51.738227
x_0.376000,-17.249560,-14.779194,51.787536
x_0.377000,-17.209299,-14.647132,51.833794
x_0.378000,-17.167577,-14.514712,51.876998
x_0.379000,-17.124413,-14.382002,51.917142
x_0.380000,-17.079826,-14.249066,51.954227
x_0.381000,-17.033835,-14.115971,51.988252
x_0.382000,-16.986461,-13.982782,52.019220
x_0.383000,-16.937725,-13.849564,52.047136
x_0.384000,-16.887647,-13.716380,52.072006
x_0.385000,-16.836252,-13.583293,52.093838
x_0.386000,-16.783560,-13.450366,52.112642
x_0.387000,-16.729597,-13.317662,52.128431
x_0.388000,-16.674387,-13.185240,52.141218
x_0.389000,-16.617953,-13.053160,52.151018
x_0.390000,-16.560322,-12.921482,52.157849
x_0.391000,-16.501519,-12.790264,52.161730
x_0.392000,-16.441571,-12.659562,52.162680
x_0.393000,-16.380504,-12.529432,52.160722
x_0.394000,-16.318345,-12.399928,52.155879
x_0.395000,-16.255124,-12.271105,52.148176
x_0.396000,-16.190866,-12.143014,52.137640
x_0.397000,-16.125602,-12.015707,52.124296
x_0.398000,-16.059359,-11.889232,52.108176
x_0.399000,-15.992168,-11.763639,52.089308
x_0.400000,-15.924056,-11.638973,52.067724
x_0.401000,-15.855055,-11.515282,52.043457
x_0.402000,-15.785194,-11.392609,52.016539
x_0.403000,-15.714502,-11.270996,51.987005
x_0.404000,-15.643011,-11.150486,51.954891
x_0.405000,-15.570752,-11.031117,51.920233
x_0.406000,-15.497753,-10.912929,51.883067
x_0.407000,-15.424048,-10.795959,51.843433
x_0.408000,-15.349665,-10.680242,51.801367
x_0.409000,-15.274636,-10.565813,51.756911
x_0.410000,-15.198993,-10.452703,51.710103
x_0.411000,-15.122765,-10.340944,51.660985
x_0.412000,-15.045985,-10.230565,51.609597
x_0.413000,-14.968682,-10.121596,51.555980
x_0.414000,-14.890888,-10.014062,51.500177
x_0.415000,-14.812634,-9.907989,51.442229
x_0.416000,-14.733950,-9.803401,51.382180
x_0.417000,-14.654867,-9.700320,51.320072
x_0.418000,-14.575415,-9.598768,51.255948
x_0.419000,-14.495624,-9.498763,51.189851
x_0.420000,-14.415525,-9.400324,51.121824
x_0.421000,-14.335147,-9.303469,51.051912
x_0.422000,-14.254521,-9.208212,50.980157
x_0.423000,-14.173675,-9.114569,50.906602
x_0.424000,-14.092639,-9.022551,50.831292
x_0.425000,-14.011442,-8.932171,50.754269
x_0.426000,-13.930112,-8.843439,50.675577
x_0.427000,-13.848678,-8.756364,50.595259
x_0.428000,-13.767167,-8.670954,50.513358
x_0.429000,-13.685608,-8.587217,50.429916
x_0.430000,-13.604028,-8.505158,50.344975
x_0.431000,-13.522453,-8.424782,50.258579
x_0.432000,-13.440911,-8.346092,50.170768
x_0.433000,-13.359428,-8.269091,50.081584
x_0.434000,-13.278029,-8.193780,49.991070
x_0.435000,-13.196740,-8.120160,49.899264
x_0.436000,-13.115587,-8.048231,49.806208
x_0.437000,-13.034593,-7.977991,49.711942
x_0.438000,-12.953784,-7.909437,49.616505
x_0.439000,-12.873182,-7.842568,49.519937
x_0.440000,-12.792812,-7.777379,49.422276
x_0.441000,-12.712696,-7.713865,49.323561
x_0.442000,-12.632857,-7.652021,49.223828
x_0.443000,-12.553316,-7.591841,49.123116
x_0.444000,-12.474096,-7.533317,49.021461
x_0.445000,-12.395218,-7.476443,48.918899
x_0.446000,-12.316702,-7.421210,48.815466
x_0.447000,-12.238569,-7.367610,48.711197
x_0.448000,-12.160838,-7.315633,48.606126
x_0.449000,-12.083529,-7.265268,48.500287
x_0.450000,-12.006660,-7.216507,48.393715
x_0.451000,-11.930250,-7.169337,48.286441
x_0.452000,-11.854317,-7.123748,48.178498
x_0.453000,-11.778878,-7.079728,48.069918
x_0.454000,-11.703950,-7.037264,47.960731
x_0.455000,-11.629549,-6.996345,47.850970
x_0.456000,-11.555692,-6.956956,47.740662
x_0.457000,-11.482395,-6.919086,47.629839
x_0.458000,-11.409671,-6.882720,47.518528
x_0.459000,-11.337537,-6.847844,47.406759
x_0.460000,-11.266006,-6.814446,47.294559
x_0.461000,-11.195092,-6.782510,47.181955
x_0.462000,-11.124808,-6.752022,47.068974
x_0.463000,-11.055167,-6.722967,46.955642
x_0.464000,-10.986181,-6.695331,46.841984
x_0.465000,-10.917863,-6.669099,46.728026
x_0.466000,-10.850225,-6.644255,46.613792
x_0.467000,-10.783276,-6.620785,46.499307
x_0.468000,-10.717028,-6.598673,46.384593
x_0.469000,-10.651492,-6.577905,46.269674
x_0.470000,-10.586677,-6.558465,46.154572
x_0.471000,-10.522592,-6.540337,46.039310
x_0.472000,-10.459248,-6.523506,45.923908
x_0.473000,-10.396651,-6.507958,45.808387
x_0.474000,-10.334812,-6.493676,45.692769
x_0.475000,-10.273738,-6.480646,45.577074
x_0.476000,-10.213436,-6.468853,45.461320
x_0.477000,-10.153913,-6.458280,45.345528
x_0.478000,-10.095178,-6.448914,45.229716
x_0.479000,-10.037235,-6.440740,45.113902
x_0.480000,-9.980092,-6.433741,44.998105
x_0.481000,-9.923754,-6.427905,44.882342
x_0.482000,-9.868226,-6.423216,44.766630
x_0.483000,-9.813515,-6.419660,44.650986
x_0.484000,-9.759625,-6.417222,44.535426
x_0.485000,-9.706560,-6.415889,44.419967
x_0.486000,-9.654325,-6.415646,44.304624
x_0.487000,-9.602923,-6.416480,44.189412
x_0.488000,-9.552360,-6.418376,44.074347
x_0.489000,-9.502637,-6.421323,43.959444
x_0.490000,-9.453759,-6.425305,43.844716
x_0.491000,-9.405727,-6.430311,43.730177
x_0.492000,-9.358546,-6.436328,43.615842
x_0.493000,-9.312217,-6.443342,43.501724
x_0.494000,-9.266743,-6.451341,43.387836
x_0.495000,-9.222125,-6.460314,43.274192
x_0.496000,-9.178365,-6.470248,43.160803
x_0.497000,-9.135466,-6.481131,43.047682
x_0.498000,-9.093427,-6.492953,42.934842
x_0.499000,-9.052251,-6.505701,42.822293
x_0.500000,-9.011938,-6.519364,42.710050
x_0.501000,-8.972489,-6.533932,42.598121
x_0.502000,-8.933904,-6.549394,42.486520
x_0.503000,-8.896185,-6.565740,42.375256
x_0.504000,-8.859330,-6.582960,42.264341
x_0.505000,-8.823341,-6.601043,42.153786
x_0.506000,-8.788216,-6.619981,42.043601
x_0.507000,-8.753957,-6.639763,41.933796
x_0.508000,-8.720562,-6.660381,41.824382
x_0.509000,-8.688031,-6.681826,41.715369
x_0.510000,-8.656363,-6.704089,41.606766
x_0.511000,-8.625558,-6.727161,41.498584
x_0.512000,-8.595614,-6.751035,41.390832
x_0.513000,-8.566531,-6.775702,41.283519
x_0.514000,-8.538307,-6.801156,41.176655
x_0.515000,-8.510942,-6.827387,41.070250
x_0.516000,-8.484433,-6.854390,40.964311
x_0.517000,-8.458780,-6.882157,40.858850
x_0.518000,-8.433981,-6.910682,40.753873
x_0.519000,-8.410034,-6.939957,40.649391
x_0.520000,-8.386938,-6.969978,40.545411
x_0.521000,-8.364691,-7.000736,40.441944
x_0.522000,-8.343291,-7.032228,40.338997
x_0.523000,-8.322736,-7.064446,40.236578
x_0.524000,-8.303025,-7.097386,40.134698
x_0.525000,-8.284155,-7.131043,40.033363
x_0.526000,-8.266124,-7.165411,39.932583
x_0.527000,-8.248931,-7.200487,39.832366
x_0.528000,-8.232573,-7.236264,39.732720
x_0.529000,-8.217049,-7.272739,39.633653
x_0.530000,-8.202355,-7.309908,39.535174
x_0.531000,-8.188490,-7.347767,39.437291
x_0.532000,-8.175451,-7.386312,39.340013
x_0.533000,-8.163236,-7.425539,39.243347
x_0.534000,-8.151844,-7.465445,39.147302
x_0.535000,-8.141271,-7.506028,39.051885
x_0.536000,-8.131515,-7.547283,38.957106
x_0.537000,-8.122575,-7.589208,38.862973
x_0.538000,-8.114447,-7.631800,38.769493
x_0.539000,-8.107129,-7.675058,38.676675
x_0.540000,-8.100620,-7.718978,38.584528
x_0.541000,-8.094916,-7.763558,38.493059
x_0.542000,-8.090015,-7.808796,38.402277
x_0.543000,-8.085916,-7.854691,38.312190
x_0.544000,-8.082615,-7.901240,38.222807
x_0.545000,-8.080111,-7.948443,38.134136
x_0.546000,-8.078401,-7.996297,38.046185
x_0.547000,-8.077483,-8.044801,37.958964
x_0.548000,-8.077355,-8.093955,37.872480
x_0.549000,-8.078014,-8.143756,37.786742
x_0.550000,-8.079458,-8.194204,37.701760
x_0.551000,-8.081685,-8.245299,37.617541
x_0.552000,-8.084693,-8.297039,37.534094
x_0.553000,-8.088479,-8.349424,37.451429
x_0.554000,-8.093042,-8.402453,37.369554
x_0.555000,-8.098380,-8.456126,37.288478
x_0.556000,-8.104489,-8.510442,37.208211
x_0.557000,-8.111369,-8.565402,37.128761
x_0.558000,-8.119018,-8.621004,37.050138
x_0.559000,-8.127432,-8.677250,36.972351
x_0.560000,-8.136611,-8.734138,36.895410
x_0.561000,-8.146553,-8.791669,36.819324
x_0.562000,-8.157254,-8.849843,36.744102
x_0.563000,-8.168715,-8.908661,36.669755
x_0.564000,-8.180932,-8.968121,36.596292
x_0.565000,-8.193904,-9.028225,36.523723
x_0.566000,-8.207630,-9.088972,36.452059
x_0.567000,-8.222107,-9.150364,36.381308
x_0.568000,-8.237333,-9.212399,36.311482
x_0.569000,-8.253308,-9.275079,36.242591
x_0.570000,-8.270030,-9.338404,36.174645
x_0.571000,-8.287496,-9.402375,36.107655
x_0.572000,-8.305705,-9.466990,36.041632
x_0.573000,-8.324656,-9.532252,35.976586
x_0.574000,-8.344348,-9.598160,35.912528
x_0.575000,-8.364778,-9.664714,35.849470
x_0.576000,-8.385945,-9.731914,35.787422
x_0.577000,-8.407848,-9.799762,35.726397
x_0.578000,-8.430486,-9.868257,35.666405
x_0.579000,-8.453857,-9.937399,35.607458
x_0.580000,-8.477959,-10.007189,35.549568
x_0.581000,-8.502791,-10.077626,35.492747
x_0.582000,-8.528353,-10.148710,35.437006
x_0.583000,-8.554642,-10.220441,35.382358
x_0.584000,-8.581658,-10.292820,35.328816
x_0.585000,-8.609399,-10.365845,35.276391
x_0.586000,-8.637864,-10.439517,35.225096
x_0.587000,-8.667052,-10.513835,35.174944
x_0.588000,-8.696961,-10.588798,35.125949
x_0.589000,-8.727590,-10.664405,35.078122
x_0.590000,-8.758938,-10.740657,35.031477
x_0.591000,-8.791005,-10.817551,34.986028
x_0.592000,-8.823788,-10.895087,34.941788
x_0.593000,-8.857286,-10.973263,34.898770
x_0.594000,-8.891498,-11.052079,34.856989
x_0.595000,-8.926424,-11.131532,34.816458
x_0.596000,-8.962061,-11.211620,34.777192
x_0.597000,-8.998409,-11.292343,34.739204
x_0.598000,-9.035467,-11.373697,34.702509
x_0.599000,-9.073232,-11.455680,34.667122
x_0.600000,-9.111705,-11.538290,34.633057
x_0.601000,-9.150883,-11.621523,34.600329
x_0.602000,-9.190765,-11.705378,34.568954
x_0.603000,-9.231350,-11.789850,34.538946
x_0.604000,-9.272636,-11.874936,34.510320
x_0.605000,-9.314623,-11.960633,34.483092
x_0.606000,-9.357308,-12.046936,34.457278
x_0.607000,-9.400691,-12.133840,34.432893
x_0.608000,-9.444768,-12.221343,34.409953
x_0.609000,-9.489540,-12.309437,34.388474
x_0.610000,-9.535005,-12.398119,34.368472
x_0.611000,-9.581159,-12.487382,34.349964
x_0.612000,-9.628003,-12.577221,34.332965
x_0.613000,-9.675534,-12.667630,34.317493
x_0.614000,-9.723750,-12.758602,34.303563
x_0.615000,-9.772648,-12.850130,34.291193
x_0.616000,-9.822228,-12.942206,34.280399
x_0.617000,-9.872487,-13.034823,34.271198
x_0.618000,-9.923422,-13.127973,34.263607
x_0.619000,-9.975032,-13.221648,34.257644
x_0.620000,-10.027313,-13.315838,34.253324
x_0.621000,-10.080264,-13.410534,34.250667
x_0.622000,-10.133881,-13.505726,34.249688
x_0.623000,-10.188162,-13.601403,34.250406
x_0.624000,-10.243104,-13.697556,34.252837
x_0.625000,-10.298703,-13.794173,34.257000
x_0.626000,-10.354958,-13.891242,34.262912
x_0.627000,-10.411863,-13.988751,34.270589
x_0.628000,-10.469417,-14.086686,34.280051
x_0.629000,-10.527615,-14.185036,34.291313
x_0.630000,-10.586453,-14.283785,34.304395
x_0.631000,-10.645928,-14.382920,34.319313
x_0.632000,-10.706035,-14.482426,34.336086
x_0.633000,-10.766771,-14.582287,34.354729
x_0.634000,-10.828130,-14.682486,34.375262
x_0.635000,-10.890109,-14.783008,34.397701
x_0.636000,-10.952701,-14.883835,34.422063
x_0.637000,-11.015903,-14.984948,34.448366
x_0.638000,-11.079709,-15.086330,34.476627
x_0.639000,-11.144113,-15.187961,34.506863
x_0.640000,-11.209110,-15.289821,34.539091
x_0.641000,-11.274694,-15.391889,34.573327
x_0.642000,-11.340858,-15.494145,34.609587
x_0.643000,-11.407597,-15.596566,34.647889
x_0.644000,-11.474903,-15.699130,34.688248
x_0.645000,-11.542770,-15.801813,34.730680
x_0.646000,-11.611190,-15.904591,34.775201
x_0.647000,-11.680156,-16.007439,34.821826
x_0.648000,-11.749661,-16.110333,34.870570
x_0.649000,-11.819695,-16.213244,34.921448
x_0.650000,-11.890251,-16.316148,34.974475
x_0.651000,-11.961321,-16.419015,35.029663
x_0.652000,-12.032894,-16.521817,35.087028
x_0.653000,-12.104963,-16.624525,35.146582
x_0.654000,-12.177517,-16.727108,35.208338
x_0.655000,-12.250547,-16.829536,35.272309
x_0.656000,-12.324041,-16.931777,35.338506
x_0.657000,-12.397991,-17.033799,35.406940
x_0.658000,-12.472384,-17.135568,35.477623
x_0.659000,-12.547209,-17.237050,35.550565
x_0.660000,-12.622454,-17.338210,35.625776
x_0.661000,-12.698109,-17.439013,35.703264
x_0.662000,-12.774159,-17.539422,35.783037
x_0.663000,-12.850593,-17.639399,35.865104
x_0.664000,-12.927397,-17.738908,35.949472
x_0.665000,-13.004557,-17.837908,36.036146
x_0.666000,-13.082059,-17.936361,36.125133
x_0.667000,-13.159889,-18.034225,36.216436
x_0.668000,-13.238033,-18.131460,36.310059
x_0.669000,-13.316474,-18.228023,36.406006
x_0.670000,-13.395197,-18.323873,36.504278
x_0.671000,-13.474186,-18.418965,36.604876
x_0.672000,-13.553424,-18.513255,36.707800
x_0.673000,-13.632895,-18.606698,36.813049
x_0.674000,-13.712580,-18.699250,36.920621
x_0.675000,-13.792462,-18.790863,37.030512
x_0.676000,-13.872523,-18.881490,37.142719
x_0.677000,-13.952743,-18.971084,37.257236
x_0.678000,-14.033103,-19.059597,37.374056
x_0.679000,-14.113584,-19.146980,37.493172
x_0.680000,-14.194165,-19.233183,37.614573
x_0.681000,-14.274826,-19.318157,37.738249
x_0.682000,-14.355544,-19.401851,37.864189
x_0.683000,-14.436300,-19.484213,37.992379
x_0.684000,-14.517070,-19.565193,38.122805
x_0.685000,-14.597832,-19.644739,38.255450
x_0.686000,-14.678563,-19.722798,38.390296
x_0.687000,-14.759240,-19.799317,38.527325
x_0.688000,-14.839838,-19.874245,38.666516
x_0.689000,-14.920333,-19.947527,38.807847
x_0.690000,-15.000700,-20.019110,38.951293
x_0.691000,-15.080913,-20.088940,39.096829
x_0.692000,-15.160948,-20.156965,39.244428
x_0.693000,-15.240777,-20.223128,39.394061
x_0.694000,-15.320374,-20.287378,39.545697
x_0.695000,-15.399712,-20.349660,39.699305
x_0.696000,-15.478763,-20.409919,39.854849
x_0.697000,-15.557500,-20.468103,40.012294
x_0.698000,-15.635893,-20.524158,40.171603
x_0.699000,-15.713915,-20.578030,40.332735
x_0.700000,-15.791535,-20.629666,40.495650
x_0.701000,-15.868725,-20.679014,40.660303
x_0.702000,-15.945454,-20.726021,40.826651
x_0.703000,-16.021693,-20.770637,40.994646
x_0.704000,-16.097410,-20.812808,41.164239
x_0.705000,-16.172575,-20.852486,41.335379
x_0.706000,-16.247157,-20.889620,41.508015
x_0.707000,-16.321123,-20.924160,41.682091
x_0.708000,-16.394443,-20.956059,41.857551
x_0.709000,-16.467084,-20.985270,42.034336
x_0.710000,-16.539014,-21.011745,42.212388
x_0.711000,-16.610201,-21.035440,42.391643
x_0.712000,-16.680611,-21.056310,42.572039
x_0.713000,-16.750212,-21.074313,42.753509
x_0.714000,-16.818971,-21.089407,42.935987
x_0.715000,-16.886855,-21.101550,43.119402
x_0.716000,-16.953831,-21.110705,43.303685
x_0.717000,-17.019864,-21.116835,43.488763
x_0.718000,-17.084922,-21.119902,43.674561
x_0.719000,-17.148972,-21.119874,43.861005
x_0.720000,-17.211980,-21.116717,44.048016
x_0.721000,-17.273913,-21.110402,44.235515
x_0.722000,-17.334737,-21.100898,44.423423
x_0.723000,-17.394419,-21.088181,44.611657
x_0.724000,-17.452926,-21.072224,44.800135
x_0.725000,-17.510225,-21.053006,44.988772
x_0.726000,-17.566284,-21.030505,45.177482
x_0.727000,-17.621070,-21.004704,45.366178
x_0.728000,-17.674550,-20.975586,45.554774
x_0.729000,-17.726692,-20.943137,45.743178
x_0.730000,-17.777465,-20.907348,45.931303
x_0.731000,-17.826838,-20.868208,46.119057
x_0.732000,-17.874779,-20.825711,46.306348
x_0.733000,-17.921258,-20.779854,46.493085
x_0.734000,-17.966244,-20.730636,46.679175
x_0.735000,-18.009709,-20.678057,46.864524
x_0.736000,-18.051622,-20.622122,47.049039
x_0.737000,-18.091955,-20.562838,47.232626
x_0.738000,-18.130681,-20.500215,47.415191
x_0.739000,-18.167771,-20.434264,47.596639
x_0.740000,-18.203200,-20.365002,47.776876
x_0.741000,-18.236940,-20.292445,47.955809
x_0.742000,-18.268968,-20.216614,48.133343
x_0.743000,-18.299257,-20.137534,48.309384
x_0.744000,-18.327785,-20.055230,48.483840
x_0.745000,-18.354528,-19.969732,48.656619
x_0.746000,-18.379464,-19.881071,48.827627
x_0.747000,-18.402572,-19.789282,48.996774
x_0.748000,-18.423832,-19.694403,49.163970
x_0.749000,-18.443224,-19.596475,49.329126
x_0.750000,-18.460730,-19.495539,49.492152
x_0.751000,-18.476332,-19.391642,49.652963
x_0.752000,-18.490015,-19.284833,49.811473
x_0.753000,-18.501762,-19.175162,49.967597
x_0.754000,-18.511559,-19.062682,50.121254
x_0.755000,-18.519393,-18.947451,50.272361
x_0.756000,-18.525253,-18.829525,50.420839
x_0.757000,-18.529127,-18.708967,50.566612
x_0.758000,-18.531005,-18.585840,50.709603
x_0.759000,-18.530879,-18.460209,50.849739
x_0.760000,-18.528741,-18.332141,50.986950
x_0.761000,-18.524586,-18.201707,51.121164
x_0.762000,-18.518407,-18.068978,51.252317
x_0.763000,-18.510203,-17.934028,51.380342
x_0.764000,-18.499969,-17.796932,51.505178
x_0.765000,-18.487705,-17.657769,51.626766
x_0.766000,-18.473411,-17.516616,51.745049
x_0.767000,-18.457089,-17.373554,51.859972
x_0.768000,-18.438739,-17.228666,51.971483
x_0.769000,-18.418368,-17.082034,52.079534
x_0.770000,-18.395979,-16.933744,52.184078
x_0.771000,-18.371579,-16.783879,52.285073
x_0.772000,-18.345175,-16.632528,52.382477
x_0.773000,-18.316777,-16.479778,52.476254
x_0.774000,-18.286395,-16.325716,52.566369
x_0.775000,-18.254039,-16.170433,52.652790
x_0.776000,-18.219724,-16.014017,52.735489
x_0.777000,-18.183462,-15.856558,52.814440
x_0.778000,-18.145268,-15.698147,52.889621
x_0.779000,-18.105159,-15.538873,52.961011
x_0.780000,-18.063153,-15.378828,53.028595
x_0.781000,-18.019267,-15.218102,53.092359
x_0.782000,-17.973522,-15.056785,53.152291
x_0.783000,-17.925939,-14.894968,53.208385
x_0.784000,-17.876539,-14.732739,53.260636
x_0.785000,-17.825345,-14.570189,53.309041
x_0.786000,-17.772382,-14.407405,53.353602
x_0.787000,-17.717674,-14.244476,53.394322
x_0.788000,-17.661248,-14.081490,53.431208
x_0.789000,-17.603131,-13.918531,53.464269
x_0.790000,-17.543351,-13.755685,53.493517
x_0.791000,-17.481936,-13.593038,53.518968
x_0.792000,-17.418916,-13.430671,53.540637
x_0.793000,-17.354322,-13.268666,53.558545
x_0.794000,-17.288186,-13.107105,53.572714
x_0.795000,-17.220538,-12.946065,53.583168
x_0.796000,-17.151414,-12.785624,53.589934
x_0.797000,-17.080845,-12.625860,53.593042
x_0.798000,-17.008866,-12.466844,53.592521
x_0.799000,-16.935512,-12.308652,53.588407
x_0.800000,-16.860818,-12.151352,53.580733
x_0.801000,-16.784821,-11.995015,53.569537
x_0.802000,-16.707556,-11.839708,53.554858
x_0.803000,-16.629062,-11.685496,53.536737
x_0.804000,-16.549375,-11.532442,53.515216
x_0.805000,-16.468533,-11.380608,53.490340
x_0.806000,-16.386574,-11.230053,53.462153
x_0.807000,-16.303537,-11.080835,53.430703
x_0.808000,-16.219461,-10.933009,53.396037
x_0.809000,-16.134384,-10.786628,53.358206
x_0.810000,-16.048346,-10.641744,53.317260
x_0.811000,-15.961386,-10.498404,53.273250
x_0.812000,-15.873543,-10.356657,53.226230
x_0.813000,-15.784858,-10.216547,53.176252
x_0.814000,-15.695371,-10.078116,53.123371
x_0.815000,-15.605120,-9.941405,53.067643
x_0.816000,-15.514145,-9.806452,53.009122
x_0.817000,-15.422487,-9.673294,52.947866
x_0.818000,-15.330184,-9.541965,52.883931
x_0.819000,-15.237277,-9.412497,52.817374
x_0.820000,-15.143804,-9.284919,52.748253
x_0.821000,-15.049805,-9.159260,52.676625
x_0.822000,-14.955320,-9.035545,52.602549
x_0.823000,-14.860386,-8.913799,52.526083
x_0.824000,-14.765042,-8.794044,52.447285
x_0.825000,-14.669326,-8.676299,52.366213
x_0.826000,-14.573277,-8.560582,52.282926
x_0.827000,-14.476933,-8.446910,52.197481
x_0.828000,-14.380329,-8.335298,52.109936
x_0.829000,-14.283504,-8.225757,52.020349
x_0.830000,-14.186493,-8.118299,51.928777
x_0.831000,-14.089334,-8.012933,51.835278
x_0.832000,-13.992060,-7.909667,51.739908
x_0.833000,-13.894709,-7.808505,51.642723
x_0.834000,-13.797313,-7.709453,51.543778
x_0.835000,-13.699908,-7.612514,51.443130
x_0.836000,-13.602528,-7.517688,51.340833
x_0.837000,-13.505204,-7.424975,51.236941
x_0.838000,-13.407971,-7.334375,51.131507
x_0.839000,-13.310860,-7.245883,51.024584
x_0.840000,-13.213902,-7.159497,50.916225
x_0.841000,-13.117129,-7.075210,50.806481
x_0.842000,-13.020571,-6.993015,50.695403
x_0.843000,-12.924257,-6.912906,50.583041
x_0.844000,-12.828217,-6.834873,50.469443
x_0.845000,-12.732480,-6.758906,50.354660
x_0.846000,-12.637072,-6.684995,50.238737
x_0.847000,-12.542022,-6.613128,50.121723
x_0.848000,-12.447356,-6.543291,50.003663
x_0.849000,-12.353101,-6.475472,49.884602
x_0.850000,-12.259281,-6.409655,49.764585
x_0.851000,-12.165921,-6.345826,49.643655
x_0.852000,-12.073045,-6.283969,49.521855
x_0.853000,-11.980678,-6.224068,49.399227
x_0.854000,-11.888841,-6.166104,49.275812
x_0.855000,-11.797558,-6.110061,49.151650
x_0.856000,-11.706849,-6.055919,49.026779
x_0.857000,-11.616735,-6.003661,48.901239
x_0.858000,-11.527237,-5.953266,48.775068
x_0.859000,-11.438374,-5.904715,48.648300
x_0.860000,-11.350166,-5.857988,48.520974
x_0.861000,-11.262631,-5.813065,48.393122
x_0.862000,-11.175786,-5.769924,48.264781
x_0.863000,-11.089649,-5.728545,48.135982
x_0.864000,-11.004236,-5.688906,48.006759
x_0.865000,-10.919563,-5.650986,47.877143
x_0.866000,-10.835646,-5.614763,47.747164
x_0.867000,-10.752500,-5.580215,47.616854
x_0.868000,-10.670138,-5.547319,47.486242
x_0.869000,-10.588574,-5.516055,47.355355
x_0.870000,-10.507822,-5.486400,47.224222
x_0.871000,-10.427893,-5.458332,47.092870
x_0.872000,-10.348800,-5.431828,46.961326
x_0.873000,-10.270553,-5.406866,46.829614
x_0.874000,-10.193165,-5.383424,46.697760
x_0.875000,-10.116645,-5.361481,46.565788
x_0.876000,-10.041003,-5.341013,46.433722
x_0.877000,-9.966248,-5.321999,46.301584
x_0.878000,-9.892390,-5.304418,46.169397
x_0.879000,-9.819436,-5.288247,46.037183
x_0.880000,-9.747394,-5.273465,45.904962
x_0.881000,-9.676273,-5.260051,45.772755
x_0.882000,-9.606078,-5.247983,45.640582
x_0.883000,-9.536816,-5.237241,45.508462
x_0.884000,-9.468493,-5.227804,45.376413
x_0.885000,-9.401115,-5.219651,45.244455
x_0.886000,-9.334688,-5.212761,45.112605
x_0.887000,-9.269215,-5.207116,44.980879
x_0.888000,-9.204702,-5.202695,44.849295
x_0.889000,-9.141152,-5.199479,44.717869
x_0.890000,-9.078570,-5.197448,44.586616
x_0.891000,-9.016958,-5.196583,44.455551
x_0.892000,-8.956319,-5.196867,44.324691
x_0.893000,-8.896656,-5.198280,44.194048
x_0.894000,-8.837971,-5.200805,44.063638
x_0.895000,-8.780267,-5.204424,43.933473
x_0.896000,-8.723545,-5.209119,43.803567
x_0.897000,-8.667806,-5.214874,43.673932
x_0.898000,-8.613051,-5.221672,43.544582
x_0.899000,-8.559282,-5.229497,43.415529
x_0.900000,-8.506498,-5.238332,43.286783
x_0.901000,-8.454701,-5.248162,43.158358
x_0.902000,-8.403889,-5.258972,43.030264
x_0.903000,-8.354063,-5.270746,42.902511
x_0.904000,-8.305223,-5.283470,42.775111
x_0.905000,-8.257367,-5.297131,42.648074
x_0.906000,-8.210495,-5.311713,42.521411
x_0.907000,-8.164606,-5.327204,42.395130
x_0.908000,-8.119698,-5.343590,42.269242
x_0.909000,-8.075770,-5.360858,42.143756
x_0.910000,-8.032820,-5.378997,42.018681
x_0.911000,-7.990847,-5.397993,41.894026
x_0.912000,-7.949848,-5.417835,41.769801
x_0.913000,-7.909821,-5.438513,41.646013
x_0.914000,-7.870765,-5.460014,41.522671
x_0.915000,-7.832677,-5.482328,41.399783
x_0.916000,-7.795553,-5.505444,41.277358
x_0.917000,-7.759392,-5.529354,41.155403
x_0.918000,-7.724191,-5.554046,41.033926
x_0.919000,-7.689947,-5.579512,40.912935
x_0.920000,-7.656656,-5.605743,40.792437
x_0.921000,-7.624316,-5.632729,40.672440
x_0.922000,-7.592924,-5.660464,40.552952
x_0.923000,-7.562476,-5.688938,40.433978
x_0.924000,-7.532970,-5.718144,40.315527
x_0.925000,-7.504401,-5.748075,40.197605
x_0.926000,-7.476766,-5.778724,40.080220
x_0.927000,-7.450062,-5.810084,39.963378
x_0.928000,-7.424286,-5.842148,39.847086
x_0.929000,-7.399433,-5.874911,39.731351
x_0.930000,-7.375500,-5.908366,39.616180
x_0.931000,-7.352483,-5.942509,39.501578
x_0.932000,-7.330379,-5.977334,39.387554
x_0.933000,-7.309185,-6.012836,39.274112
x_0.934000,-7.288895,-6.049010,39.161261
x_0.935000,-7.269507,-6.085852,39.049006
x_0.936000,-7.251017,-6.123358,38.937353
x_0.937000,-7.233421,-6.161525,38.826310
x_0.938000,-7.216715,-6.200348,38.715883
x_0.939000,-7.200896,-6.239824,38.606078
x_0.940000,-7.185959,-6.279951,38.496901
x_0.941000,-7.171902,-6.320726,38.388359
x_0.942000,-7.158720,-6.362145,38.280460
x_0.943000,-7.146411,-6.404207,38.173208
x_0.944000,-7.134969,-6.446910,38.066610
x_0.945000,-7.124391,-6.490252,37.960674
x_0.946000,-7.114675,-6.534231,37.855405
x_0.947000,-7.105816,-6.578846,37.750811
x_0.948000,-7.097811,-6.624096,37.646897
x_0.949000,-7.090656,-6.669979,37.543671
x_0.950000,-7.084348,-6.716496,37.441139
x_0.951000,-7.078884,-6.763645,37.339308
x_0.952000,-7.074259,-6.811427,37.238185
x_0.953000,-7.070472,-6.859841,37.137777
x_0.954000,-7.067518,-6.908887,37.038090
x_0.955000,-7.065395,-6.958565,36.939132
x_0.956000,-7.064099,-7.008876,36.840909
x_0.957000,-7.063627,-7.059821,36.743429
x_0.958000,-7.063976,-7.111399,36.646700
x_0.959000,-7.065143,-7.163613,36.550728
x_0.960000,-7.067126,-7.216463,36.455520
x_0.961000,-7.069921,-7.269951,36.361085
x_0.962000,-7.073526,-7.324077,36.267430
x_0.963000,-7.077938,-7.378843,36.174563
x_0.964000,-7.083154,-7.434251,36.082490
x_0.965000,-7.089172,-7.490303,35.991221
x_0.966000,-7.095989,-7.547001,35.900763
x_0.967000,-7.103604,-7.604346,35.811125
x_0.968000,-7.112012,-7.662341,35.722314
x_0.969000,-7.121213,-7.720988,35.634338
x_0.970000,-7.131204,-7.780290,35.547207
x_0.971000,-7.141983,-7.840248,35.460929
x_0.972000,-7.153548,-7.900866,35.375513
x_0.973000,-7.165897,-7.962146,35.290967
x_0.974000,-7.179028,-8.024090,35.207300
x_0.975000,-7.192938,-8.086703,35.124522
x_0.976000,-7.207627,-8.149985,35.042641
x_0.977000,-7.223093,-8.213942,34.961668
x_0.978000,-7.239334,-8.278574,34.881611
x_0.979000,-7.256348,-8.343886,34.802481
x_0.980000,-7.274135,-8.409881,34.724287
x_0.981000,-7.292692,-8.476561,34.647039
x_0.982000,-7.312018,-8.543931,34.570748
x_0.983000,-7.332113,-8.611992,34.495423
x_0.984000,-7.352974,-8.680749,34.421076
x_0.985000,-7.374601,-8.750205,34.347717
x_0.986000,-7.396993,-8.820363,34.275357
x_0.987000,-7.420149,-8.891226,34.204006
x_0.988000,-7.444067,-8.962797,34.133677
x_0.989000,-7.468748,-9.035080,34.064380
x_0.990000,-7.494190,-9.108079,33.996127
x_0.991000,-7.520392,-9.181796,33.928930
x_0.992000,-7.547354,-9.256234,33.862801
x_0.993000,-7.575076,-9.331397,33.797752
x_0.994000,-7.603556,-9.407288,33.733795
x_0.995000,-7.632795,-9.483910,33.670944
x_0.996000,-7.662792,-9.561266,33.609210
x_0.997000,-7.693546,-9.639359,33.548606
x_0.998000,-7.725058,-9.718192,33.489147
x_0.999000,-7.757326,-9.797767,33.430845
x_1.000000,-7.790352,-9.878089,33.373714
x_1.001000,-7.824134,-9.959158,33.317767
x_1.002000,-7.858673,-10.040978,33.263020
x_1.003000,-7.893968,-10.123551,33.209485
x_1.004000,-7.930019,-10.206879,33.157179
x_1.005000,-7.966827,-10.290965,33.106114
x_1.006000,-8.004392,-10.375811,33.056308
x_1.007000,-8.042713,-10.461418,33.007773
x_1.008000,-8.081790,-10.547789,32.960527
x_1.009000,-8.121625,-10.634924,32.914584
x_1.010000,-8.162216,-10.722826,32.869961
x_1.011000,-8.203564,-10.811495,32.826674
x_1.012000,-8.245670,-10.900932,32.784739
x_1.013000,-8.288533,-10.991139,32.744173
x_1.014000,-8.332153,-11.082116,32.704992
x_1.015000,-8.376532,-11.173863,32.667214
x_1.016000,-8.421668,-11.266380,32.630857
x_1.017000,-8.467562,-11.359668,32.595937
x_1.018000,-8.514215,-11.453725,32.562473
x_1.019000,-8.561627,-11.548552,32.530482
x_1.020000,-8.609797,-11.644146,32.499984
x_1.021000,-8.658726,-11.740508,32.470996
x_1.022000,-8.708414,-11.837635,32.443538
x_1.023000,-8.758861,-11.935526,32.417628
x_1.024000,-8.810067,-12.034178,32.393286
x_1.025000,-8.862033,-12.133589,32.370532
x_1.026000,-8.914757,-12.233755,32.349385
x_1.027000,-8.968241,-12.334674,32.329866
x_1.028000,-9.022483,-12.436342,32.311994
x_1.029000,-9.077484,-12.538755,32.295790
x_1.030000,-9.133244,-12.641908,32.281275
x_1.031000,-9.189761,-12.745796,32.268470
x_1.032000,-9.247036,-12.850414,32.257396
x_1.033000,-9.305069,-12.955755,32.248075
x_1.034000,-9.363858,-13.061815,32.240527
x_1.035000,-9.423403,-13.168585,32.234776
x_1.036000,-9.483704,-13.276059,32.230842
x_1.037000,-9.544758,-13.384228,32.228749
x_1.038000,-9.606566,-13.493085,32.228518
x_1.039000,-9.669127,-13.602619,32.230173
x_1.040000,-9.732438,-13.712822,32.233735
x_1.041000,-9.796498,-13.823684,32.239229
x_1.042000,-9.861307,-13.935193,32.246676
x_1.043000,-9.926862,-14.047338,32.256102
x_1.044000,-9.993162,-14.160108,32.267527
x_1.045000,-10.060204,-14.273489,32.280978
x_1.046000,-10.127986,-14.387468,32.296476
x_1.047000,-10.196506,-14.502032,32.314046
x_1.048000,-10.265762,-14.617164,32.333712
x_1.049000,-10.335750,-14.732850,32.355497
x_1.050000,-10.406468,-14.849074,32.379426
x_1.051000,-10.477913,-14.965817,32.405522
x_1.052000,-10.550080,-15.083064,32.433811
x_1.053000,-10.622967,-15.200793,32.464315
x_1.054000,-10.696569,-15.318988,32.497059
x_1.055000,-10.770883,-15.437626,32.532068
x_1.056000,-10.845903,-15.556686,32.569365
x_1.057000,-10.921626,-15.676148,32.608974
x_1.058000,-10.998046,-15.795987,32.650919
x_1.059000,-11.075158,-15.916179,32.695224
x_1.060000,-11.152957,-16.036701,32.741913
x_1.061000,-11.231436,-16.157525,32.791010
x_1.062000,-11.310590,-16.278625,32.842537
x_1.063000,-11.390411,-16.399974,32.896519
x_1.064000,-11.470893,-16.521543,32.952978
x_1.065000,-11.552029,-16.643301,33.011936
x_1.066000,-11.633812,-16.765219,33.073418
x_1.067000,-11.716232,-16.887263,33.137443
x_1.068000,-11.799282,-17.009402,33.204035
x_1.069000,-11.882953,-17.131601,33.273216
x_1.070000,-11.967235,-17.253825,33.345005
x_1.071000,-12.052120,-17.376037,33.419423
x_1.072000,-12.137597,-17.498201,33.496492
x_1.073000,-12.223656,-17.620277,33.576230
x_1.074000,-12.310285,-17.742227,33.658657
x_1.075000,-12.397474,-17.864010,33.743791
x_1.076000,-12.485211,-17.985582,33.831650
x_1.077000,-12.573482,-18.106902,33.922251
x_1.078000,-12.662276,-18.227925,34.015611
x_1.079000,-12.751578,-18.348606,34.111745
x_1.080000,-12.841376,-18.468897,34.210669
x_1.081000,-12.931654,-18.588752,34.312396
x_1.082000,-13.022398,-18.708120,34.416941
x_1.083000,-13.113592,-18.826952,34.524314
x_1.084000,-13.205220,-18.945196,34.634528
x_1.085000,-13.297265,-19.062801,34.747592
x_1.086000,-13.389711,-19.179711,34.863516
x_1.087000,-13.482539,-19.295872,34.982308
x_1.088000,-13.575732,-19.411228,35.103974
x_1.089000,-13.669269,-19.525722,35.228521
x_1.090000,-13.763131,-19.639295,35.355952
x_1.091000,-13.857299,-19.751888,35.486270
x_1.092000,-13.951751,-19.863440,35.619478
x_1.093000,-14.046466,-19.973889,35.755574
x_1.094000,-14.141421,-20.083174,35.894557
x_1.095000,-14.236594,-20.191229,36.036425
x_1.096000,-14.331962,-20.297991,36.181173
x_1.097000,-14.427499,-20.403394,36.328794
x_1.098000,-14.523182,-20.507370,36.479279
x_1.099000,-14.618984,-20.609852,36.632620
x_1.100000,-14.714881,-20.710772,36.788804
x_1.101000,-14.810844,-20.810061,36.947818
x_1.102000,-14.906846,-20.907648,37.109645
x_1.103000,-15.002860,-21.003462,37.274269
x_1.104000,-15.098856,-21.097433,37.441668
x_1.105000,-15.194805,-21.189488,37.611822
x_1.106000,-15.290676,-21.279554,37.784706
x_1.107000,-15.386438,-21.367558,37.960293
x_1.108000,-15.482061,-21.453426,38.138554
x_1.109000,-15.577511,-21.537085,38.319460
x_1.110000,-15.672756,-21.618459,38.502976
x_1.111000,-15.767762,-21.697475,38.689065
x_1.112000,-15.862495,-21.774058,38.877691
x_1.113000,-15.956921,-21.848133,39.068812
x_1.114000,-16.051002,-21.919624,39.262383
x_1.115000,-16.144704,-21.988457,39.458361
x_1.116000,-16.237990,-22.054558,39.656694
x_1.117000,-16.330822,-22.117853,39.857333
x_1.118000,-16.423162,-22.178266,40.060222
x_1.119000,-16.514972,-22.235725,40.265306
x_1.120000,-16.606213,-22.290157,40.472524
x_1.121000,-16.696845,-22.341489,40.681815
x_1.122000,-16.786828,-22.389651,40.893113
x_1.123000,-16.876122,-22.434570,41.106349
x_1.124000,-16.964685,-22.476178,41.321455
x_1.125000,-17.052476,-22.514406,41.538355
x_1.126000,-17.139453,-22.549186,41.756975
x_1.127000,-17.225573,-22.580453,41.977234
x_1.128000,-17.310795,-22.608142,42.199052
x_1.129000,-17.395074,-22.632189,42.422343
x_1.130000,-17.478368,-22.652534,42.647021
x_1.131000,-17.560633,-22.669117,42.872995
x_1.132000,-17.641825,-22.681880,43.100174
x_1.133000,-17.721900,-22.690768,43.328461
x_1.134000,-17.800814,-22.695727,43.557760
x_1.135000,-17.878522,-22.696706,43.787970
x_1.136000,-17.954981,-22.693656,44.018989
x_1.137000,-18.030145,-22.686532,44.250711
x_1.138000,-18.103970,-22.675289,44.483030
x_1.139000,-18.176412,-22.659886,44.715835
x_1.140000,-18.247427,-22.640287,44.949016
x_1.141000,-18.316969,-22.616455,45.182459
x_1.142000,-18.384995,-22.588360,45.416048
x_1.143000,-18.451462,-22.555971,45.649665
x_1.144000,-18.516325,-22.519265,45.883192
x_1.145000,-18.579542,-22.478219,46.116507
x_1.146000,-18.641069,-22.432815,46.349489
x_1.147000,-18.700864,-22.383037,46.582013
x_1.148000,-18.758884,-22.328876,46.813955
x_1.149000,-18.815090,-22.270322,47.045189
x_1.150000,-18.869438,-22.207374,47.275587
x_1.151000,-18.921890,-22.140030,47.505023
x_1.152000,-18.972406,-22.068296,47.733367
x_1.153000,-19.020946,-21.992180,47.960490
x_1.154000,-19.067473,-21.911694,48.186264
x_1.155000,-19.111949,-21.826855,48.410558
x_1.156000,-19.154338,-21.737683,48.633243
x_1.157000,-19.194604,-21.644204,48.854191
x_1.158000,-19.232714,-21.546446,49.073271
x_1.159000,-19.268633,-21.444443,49.290355
x_1.160000,-19.302329,-21.338232,49.505316
x_1.161000,-19.333771,-21.227855,49.718025
x_1.162000,-19.362930,-21.113357,49.928359
x_1.163000,-19.389776,-20.994790,50.136190
x_1.164000,-19.414281,-20.872207,50.341397
x_1.165000,-19.436421,-20.745667,50.543856
x_1.166000,-19.456169,-20.615232,50.743449
x_1.167000,-19.473503,-20.480969,50.940057
x_1.168000,-19.488401,-20.342947,51.133563
x_1.169000,-19.500842,-20.201241,51.323854
x_1.170000,-19.510808,-20.055930,51.510818
x_1.171000,-19.518281,-19.907095,51.694346
x_1.172000,-19.523245,-19.754821,51.874332
x_1.173000,-19.525687,-19.599197,52.050674
x_1.174000,-19.525593,-19.440315,52.223270
x_1.175000,-19.522954,-19.278271,52.392023
x_1.176000,-19.517761,-19.113164,52.556840
x_1.177000,-19.510005,-18.945094,52.717631
x_1.178000,-19.499682,-18.774167,52.874309
x_1.179000,-19.486788,-18.600489,53.026790
x_1.180000,-19.471320,-18.424170,53.174996
x_1.181000,-19.453279,-18.245322,53.318852
x_1.182000,-19.432666,-18.064060,53.458285
x_1.183000,-19.409485,-17.880499,53.593229
x_1.184000,-19.383741,-17.694758,53.723622
x_1.185000,-19.355440,-17.506957,53.849403
x_1.186000,-19.324593,-17.317217,53.970519
x_1.187000,-19.291208,-17.125660,54.086919
x_1.188000,-19.255299,-16.932412,54.198558
x_1.189000,-19.216881,-16.737595,54.305395
x_1.190000,-19.175968,-16.541337,54.407392
x_1.191000,-19.132579,-16.343763,54.504518
x_1.192000,-19.086733,-16.145000,54.596744
x_1.193000,-19.038451,-15.945174,54.684048
x_1.194000,-18.987756,-15.744413,54.766409
x_1.195000,-18.934672,-15.542843,54.843814
x_1.196000,-18.879226,-15.340591,54.916253
x_1.197000,-18.821445,-15.137782,54.983720
x_1.198000,-18.761359,-14.934541,55.046214
x_1.199000,-18.698998,-14.730993,55.103737
x_1.200000,-18.634394,-14.527260,55.156296
x_1.201000,-18.567581,-14.323466,55.203904
x_1.202000,-18.498594,-14.119730,55.246575
x_1.203000,-18.427469,-13.916171,55.284329
x_1.204000,-18.354245,-13.712908,55.317189
x_1.205000,-18.278960,-13.510055,55.345181
x_1.206000,-18.201654,-13.307727,55.368337
x_1.207000,-18.122368,-13.106035,55.386692
x_1.208000,-18.041145,-12.905088,55.400282
x_1.209000,-17.958029,-12.704994,55.409149
x_1.210000,-17.873063,-12.505857,55.413337
x_1.211000,-17.786294,-12.307779,55.412895
x_1.212000,-17.697766,-12.110861,55.407871
x_1.213000,-17.607529,-11.915197,55.398320
x_1.214000,-17.515628,-11.720884,55.384298
x_1.215000,-17.422113,-11.528010,55.365863
x_1.216000,-17.327033,-11.336666,55.343076
x_1.217000,-17.230438,-11.146935,55.316001
x_1.218000,-17.132378,-10.958901,55.284704
x_1.219000,-17.032904,-10.772640,55.249251
x_1.220000,-16.932067,-10.588231,55.209712
x_1.221000,-16.829918,-10.405745,55.166158
x_1.222000,-16.726510,-10.225251,55.118663
x_1.223000,-16.621895,-10.046816,55.067299
x_1.224000,-16.516125,-9.870502,55.012144
x_1.225000,-16.409253,-9.696371,54.953273
x_1.226000,-16.301331,-9.524476,54.890764
x_1.227000,-16.192411,-9.354874,54.824697
x_1.228000,-16.082547,-9.187612,54.755149
x_1.229000,-15.971791,-9.022738,54.682203
x_1.230000,-15.860195,-8.860296,54.605937
x_1.231000,-15.747811,-8.700326,54.526434
x_1.232000,-15.634692,-8.542867,54.443775
x_1.233000,-15.520890,-8.387951,54.358041
x_1.234000,-15.406456,-8.235610,54.269315
x_1.235000,-15.291440,-8.085874,54.177677
x_1.236000,-15.175894,-7.938767,54.083210
x_1.237000,-15.059869,-7.794312,53.985994
x_1.238000,-14.943413,-7.652529,53.886112
x_1.239000,-14.826577,-7.513434,53.783642
x_1.240000,-14.709409,-7.377043,53.678666
x_1.241000,-14.591957,-7.243368,53.571263
x_1.242000,-14.474270,-7.112416,53.461512
x_1.243000,-14.356393,-6.984196,53.349491
x_1.244000,-14.238375,-6.858712,53.235277
x_1.245000,-14.120259,-6.735965,53.118948
x_1.246000,-14.002092,-6.615956,53.000578
x_1.247000,-13.883917,-6.498682,52.880242
x_1.248000,-13.765779,-6.384140,52.758015
x_1.249000,-13.647719,-6.272322,52.633968
x_1.250000,-13.529780,-6.163220,52.508172
x_1.251000,-13.412003,-6.056824,52.380700
x_1.252000,-13.294428,-5.953122,52.251618
x_1.253000,-13.177094,-5.852100,52.120996
x_1.254000,-13.060041,-5.753744,51.988899
x_1.255000,-12.943305,-5.658036,51.855394
x_1.256000,-12.826924,-5.564959,51.720545
x_1.257000,-12.710934,-5.474492,51.584413
x_1.258000,-12.595369,-5.386615,51.447061
x_1.259000,-12.480265,-5.301305,51.308549
x_1.260000,-12.365654,-5.218539,51.168936
x_1.261000,-12.251568,-5.138294,51.028278
x_1.262000,-12.138039,-5.060542,50.886632
x_1.263000,-12.025098,-4.985259,50.744053
x_1.264000,-11.912774,-4.912417,50.600594
x_1.265000,-11.801096,-4.841988,50.456307
x_1.266000,-11.690092,-4.773942,50.311242
x_1.267000,-11.579788,-4.708252,50.165448
x_1.268000,-11.470211,-4.644886,50.018975
x_1.269000,-11.361386,-4.583815,49.871868
x_1.270000,-11.253337,-4.525006,49.724172
x_1.271000,-11.146087,-4.468429,49.575932
x_1.272000,-11.039659,-4.414051,49.427189
x_1.273000,-10.934075,-4.361840,49.277987
x_1.274000,-10.829354,-4.311765,49.128364
x_1.275000,-10.725518,-4.263791,48.978360
x_1.276000,-10.622585,-4.217886,48.828012
x_1.277000,-10.520574,-4.174017,48.677358
x_1.278000,-10.419501,-4.132151,48.526431
x_1.279000,-10.319384,-4.092255,48.375267
x_1.280000,-10.220238,-4.054294,48.223899
x_1.281000,-10.122079,-4.018237,48.072358
x_1.282000,-10.024920,-3.984049,47.920676
x_1.283000,-9.928775,-3.951699,47.768882
x_1.284000,-9.833658,-3.921152,47.617005
x_1.285000,-9.739579,-3.892376,47.465074
x_1.286000,-9.646551,-3.865339,47.313114
x_1.287000,-9.554584,-3.840007,47.161152
x_1.288000,-9.463687,-3.816350,47.009212
x_1.289000,-9.373872,-3.794335,46.857319
x_1.290000,-9.285145,-3.773931,46.705496
x_1.291000,-9.197515,-3.755105,46.553766
x_1.292000,-9.110990,-3.737828,46.402149
x_1.293000,-9.025576,-3.722070,46.250666
x_1.294000,-8.941280,-3.707798,46.099337
x_1.295000,-8.858107,-3.694985,45.948182
x_1.296000,-8.776062,-3.683601,45.797219
x_1.297000,-8.695150,-3.673616,45.646465
x_1.298000,-8.615374,-3.665002,45.495938
x_1.299000,-8.536739,-3.657731,45.345654
x_1.300000,-8.459247,-3.651776,45.195628
x_1.301000,-8.382900,-3.647109,45.045876
x_1.302000,-8.307702,-3.643703,44.896413
x_1.303000,-8.233653,-3.641534,44.747251
x_1.304000,-8.160754,-3.640574,44.598405
x_1.305000,-8.089007,-3.640799,44.449888
x_1.306000,-8.018412,-3.642184,44.301711
x_1.307000,-7.948968,-3.644705,44.153887
x_1.308000,-7.880675,-3.648338,44.006427
x_1.309000,-7.813533,-3.653061,43.859342
x_1.310000,-7.747540,-3.658850,43.712642
x_1.311000,-7.682694,-3.665683,43.566338
x_1.312000,-7.618995,-3.673540,43.420439
x_1.313000,-7.556439,-3.682399,43.274955
x_1.314000,-7.495024,-3.692239,43.129894
x_1.315000,-7.434749,-3.703041,42.985266
x_1.316000,-7.375609,-3.714785,42.841077
x_1.317000,-7.317601,-3.727452,42.697337
x_1.318000,-7.260723,-3.741023,42.554053
x_1.319000,-7.204970,-3.755482,42.411232
x_1.320000,-7.150338,-3.770811,42.268882
x_1.321000,-7.096823,-3.786992,42.127009
x_1.322000,-7.044422,-3.804010,41.985619
x_1.323000,-6.993129,-3.821848,41.844720
x_1.324000,-6.942939,-3.840492,41.704317
x_1.325000,-6.893849,-3.859926,41.564416
x_1.326000,-6.845852,-3.880136,41.425023
x_1.327000,-6.798944,-3.901108,41.286143
x_1.328000,-6.753119,-3.922830,41.147782
x_1.329000,-6.708373,-3.945287,41.009945
x_1.330000,-6.664699,-3.968469,40.872637
x_1.331000,-6.622092,-3.992362,40.735863
x_1.332000,-6.580546,-4.016955,40.599627
x_1.333000,-6.540055,-4.042238,40.463935
x_1.334000,-6.500613,-4.068200,40.328790
x_1.335000,-6.462216,-4.094830,40.194198
x_1.336000,-6.424855,-4.122119,40.060162
x_1.337000,-6.388526,-4.150058,39.926686
x_1.338000,-6.353222,-4.178638,39.793775
x_1.339000,-6.318937,-4.207851,39.661433
x_1.340000,-6.285665,-4.237688,39.529663
x_1.341000,-6.253400,-4.268142,39.398470
x_1.342000,-6.222135,-4.299207,39.267857
x_1.343000,-6.191864,-4.330874,39.137829
x_1.344000,-6.162581,-4.363138,39.008388
x_1.345000,-6.134280,-4.395993,38.879539
x_1.346000,-6.106954,-4.429434,38.751286
x_1.347000,-6.080597,-4.463454,38.623631
x_1.348000,-6.055203,-4.498049,38.496579
x_1.349000,-6.030766,-4.533216,38.370133
x_1.350000,-6.007280,-4.568948,38.244297
x_1.351000,-5.984737,-4.605243,38.119074
x_1.352000,-5.963134,-4.642098,37.994467
x_1.353000,-5.942462,-4.679508,37.870482
x_1.354000,-5.922717,-4.717471,37.747120
x_1.355000,-5.903892,-4.755986,37.624387
x_1.356000,-5.885982,-4.795048,37.502284
x_1.357000,-5.868981,-4.834658,37.380817
x_1.358000,-5.852882,-4.874812,37.259988
x_1.359000,-5.837681,-4.915511,37.139801
x_1.360000,-5.823371,-4.956752,37.020261
x_1.361000,-5.809947,-4.998535,36.901371
x_1.362000,-5.797404,-5.040860,36.783134
x_1.363000,-5.785736,-5.083726,36.665555
x_1.364000,-5.774938,-5.127134,36.548637
x_1.365000,-5.765004,-5.171084,36.432385
x_1.366000,-5.755931,-5.215577,36.316802
x_1.367000,-5.747711,-5.260613,36.201893
x_1.368000,-5.740342,-5.306194,36.087661
x_1.369000,-5.733817,-5.352321,35.974111
x_1.370000,-5.728132,-5.398996,35.861248
x_1.371000,-5.723283,-5.446220,35.749075
x_1.372000,-5.719265,-5.493995,35.637598
x_1.373000,-5.716073,-5.542325,35.526819
x_1.374000,-5.713703,-5.591210,35.416745
x_1.375000,-5.712152,-5.640655,35.307380
x_1.376000,-5.711414,-5.690661,35.198728
x_1.377000,-5.711486,-5.741233,35.090795
x_1.378000,-5.712365,-5.792373,34.983586
x_1.379000,-5.714045,-5.844084,34.877105
x_1.380000,-5.716525,-5.896371,34.771357
x_1.381000,-5.719799,-5.949237,34.666349
x_1.382000,-5.723866,-6.002687,34.562085
x_1.383000,-5.728721,-6.056724,34.458571
x_1.384000,-5.734361,-6.111353,34.355813
x_1.385000,-5.740783,-6.166578,34.253816
x_1.386000,-5.747985,-6.222404,34.152586
x_1.387000,-5.755964,-6.278836,34.052130
x_1.388000,-5.764716,-6.335879,33.952453
x_1.389000,-5.774240,-6.393538,33.853562
x_1.390000,-5.784533,-6.451818,33.755462
x_1.391000,-5.795593,-6.510725,33.658162
x_1.392000,-5.807417,-6.570264,33.561666
x_1.393000,-5.820003,-6.630441,33.465983
x_1.394000,-5.833350,-6.691261,33.371119
x_1.395000,-5.847456,-6.752731,33.277081
x_1.396000,-5.862318,-6.814856,33.183878
x_1.397000,-5.877936,-6.877643,33.091515
x_1.398000,-5.894308,-6.941098,33.000001
x_1.399000,-5.911433,-7.005226,32.909343
x_1.400000,-5.929309,-7.070036,32.819550
x_1.401000,-5.947936,-7.135532,32.730630
x_1.402000,-5.967312,-7.201722,32.642592
x_1.403000,-5.987437,-7.268612,32.555442
x_1.404000,-6.008310,-7.336209,32.469192
x_1.405000,-6.029930,-7.404519,32.383848
x_1.406000,-6.052296,-7.473551,32.299421
x_1.407000,-6.075410,-7.543310,32.215920
x_1.408000,-6.099269,-7.613804,32.133355
x_1.409000,-6.123875,-7.685039,32.051734
x_1.410000,-6.149226,-7.757023,31.971069
x_1.411000,-6.175324,-7.829763,31.891368
x_1.412000,-6.202168,-7.903266,31.812644
x_1.413000,-6.229759,-7.977539,31.734906
x_1.414000,-6.258098,-8.052590,31.658165
x_1.415000,-6.287183,-8.128426,31.582432
x_1.416000,-6.317018,-8.205053,31.507719
x_1.417000,-6.347601,-8.282480,31.434037
x_1.418000,-6.378934,-8.360713,31.361398
x_1.419000,-6.411018,-8.439760,31.289815
x_1.420000,-6.443854,-8.519628,31.219299
x_1.421000,-6.477443,-8.600325,31.149863
x_1.422000,-6.511787,-8.681857,31.081520
x_1.423000,-6.546886,-8.764232,31.014284
x_1.424000,-6.582742,-8.847457,30.948168
x_1.425000,-6.619357,-8.931539,30.883184
x_1.426000,-6.656733,-9.016485,30.819349
x_1.427000,-6.694870,-9.102302,30.756675
x_1.428000,-6.733771,-9.188997,30.695178
x_1.429000,-6.773438,-9.276577,30.634872
x_1.430000,-6.813872,-9.365048,30.575773
x_1.431000,-6.855076,-9.454419,30.517896
x_1.432000,-6.897052,-9.544694,30.461256
x_1.433000,-6.939801,-9.635880,30.405871
x_1.434000,-6.983327,-9.727985,30.351757
x_1.435000,-7.027631,-9.821013,30.298930
x_1.436000,-7.072716,-9.914972,30.247408
x_1.437000,-7.118584,-10.009867,30.197209
x_1.438000,-7.165238,-10.105704,30.148349
x_1.439000,-7.212680,-10.202489,30.100847
x_1.440000,-7.260913,-10.300227,30.054723
x_1.441000,-7.309939,-10.398923,30.009994
x_1.442000,-7.359761,-10.498582,29.966680
x_1.443000,-7.410382,-10.599210,29.924801
x_1.444000,-7.461805,-10.700811,29.884377
x_1.445000,-7.514031,-10.803390,29.845428
x_1.446000,-7.567065,-10.906950,29.807975
x_1.447000,-7.620909,-11.011495,29.772039
x_1.448000,-7.675565,-11.117030,29.737641
x_1.449000,-7.731036,-11.223557,29.704804
x_1.450000,-7.787326,-11.331079,29.673549
x_1.451000,-7.844437,-11.439600,29.643901
x_1.452000,-7.902372,-11.549121,29.615880
x_1.453000,-7.961134,-11.659644,29.589512
x_1.454000,-8.020726,-11.771172,29.564820
x_1.455000,-8.081149,-11.883705,29.541829
x_1.456000,-8.142408,-11.997244,29.520562
x_1.457000,-8.204505,-12.111790,29.501046
x_1.458000,-8.267442,-12.227343,29.483305
x_1.459000,-8.331223,-12.343902,29.467366
x_1.460000,-8.395849,-12.461466,29.453254
x_1.461000,-8.461323,-12.580035,29.440998
x_1.462000,-8.527649,-12.699605,29.430623
x_1.463000,-8.594827,-12.820175,29.422157
x_1.464000,-8.662860,-12.941741,29.415629
x_1.465000,-8.731752,-13.064301,29.411067
x_1.466000,-8.801503,-13.187849,29.408499
x_1.467000,-8.872115,-13.312381,29.407954
x_1.468000,-8.943592,-13.437891,29.409463
x_1.469000,-9.015934,-13.564373,29.413055
x_1.470000,-9.089142,-13.691821,29.418760
x_1.471000,-9.163220,-13.820227,29.426609
x_1.472000,-9.238167,-13.949583,29.436633
x_1.473000,-9.313985,-14.079879,29.448863
x_1.474000,-9.390676,-14.211106,29.463332
x_1.475000,-9.468239,-14.343253,29.480071
x_1.476000,-9.546677,-14.476308,29.499113
x_1.477000,-9.625988,-14.610260,29.520491
x_1.478000,-9.706173,-14.745094,29.544237
x_1.479000,-9.787233,-14.880797,29.570385
x_1.480000,-9.869167,-15.017354,29.598969
x_1.481000,-9.951975,-15.154748,29.630022
x_1.482000,-10.035656,-15.292962,29.663579
x_1.483000,-10.120208,-15.431978,29.699675
x_1.484000,-10.205632,-15.571776,29.738343
x_1.485000,-10.291924,-15.712337,29.779619
x_1.486000,-10.379084,-15.853638,29.823538
x_1.487000,-10.467109,-15.995657,29.870135
x_1.488000,-10.555997,-16.138371,29.919446
x_1.489000,-10.645744,-16.281753,29.971505
x_1.490000,-10.736348,-16.425777,30.026348
x_1.491000,-10.827805,-16.570416,30.084011
x_1.492000,-10.920110,-16.715641,30.144530
x_1.493000,-11.013260,-16.861421,30.207940
x_1.494000,-11.107250,-17.007725,30.274277
x_1.495000,-11.202074,-17.154519,30.343576
x_1.496000,-11.297726,-17.301769,30.415873
x_1.497000,-11.394201,-17.449438,30.491202
x_1.498000,-11.491491,-17.597490,30.569599
x_1.499000,-11.589590,-17.745884,30.651100
x_1.500000,-11.688490,-17.894580,30.735737
x_1.501000,-11.788182,-18.043535,30.823546
x_1.502000,-11.888658,-18.192707,30.914561
x_1.503000,-11.989909,-18.342048,31.008815
x_1.504000,-12.091923,-18.491513,31.106340
x_1.505000,-12.194692,-18.641051,31.207171
x_1.506000,-12.298203,-18.790612,31.311337
x_1.507000,-12.402445,-18.940144,31.418872
x_1.508000,-12.507405,-19.089592,31.529805
x_1.509000,-12.613070,-19.238900,31.644166
x_1.510000,-12.719427,-19.388011,31.761984
x_1.511000,-12.826460,-19.536864,31.883288
x_1.512000,-12.934155,-19.685398,32.008104
x_1.513000,-13.042494,-19.833550,32.136460
x_1.514000,-13.151463,-19.981254,32.268379
x_1.515000,-13.261042,-20.128444,32.403886
x_1.516000,-13.371213,-20.275049,32.543003
x_1.517000,-13.481958,-20.421000,32.685753
x_1.518000,-13.593256,-20.566223,32.832154
x_1.519000,-13.705086,-20.710643,32.982225
x_1.520000,-13.817426,-20.854185,33.135984
x_1.521000,-13.930254,-20.996769,33.293444
x_1.522000,-14.043547,-21.138315,33.454621
x_1.523000,-14.157279,-21.278741,33.619525
x_1.524000,-14.271425,-21.417962,33.788166
x_1.525000,-14.385959,-21.555894,33.960551
x_1.526000,-14.500853,-21.692447,34.136687
x_1.527000,-14.616080,-21.827533,34.316576
x_1.528000,-14.731610,-21.961061,34.500220
x_1.529000,-14.847412,-22.092937,34.687617
x_1.530000,-14.963456,-22.223068,34.878764
x_1.531000,-15.079709,-22.351356,35.073652
x_1.532000,-15.196138,-22.477705,35.272275
x_1.533000,-15.312708,-22.602015,35.474618
x_1.534000,-15.429383,-22.724186,35.680668
x_1.535000,-15.546129,-22.844116,35.890407
x_1.536000,-15.662906,-22.961701,36.103813
x_1.537000,-15.779677,-23.076838,36.320862
x_1.538000,-15.896402,-23.189420,36.541526
x_1.539000,-16.013040,-23.299342,36.765775
x_1.540000,-16.129550,-23.406495,36.993575
x_1.541000,-16.245888,-23.510773,37.224886
x_1.542000,-16.362011,-23.612065,37.459668
x_1.543000,-16.477875,-23.710262,37.697874
x_1.544000,-16.593432,-23.805254,37.939457
x_1.545000,-16.708637,-23.896932,38.184362
x_1.546000,-16.823441,-23.985184,38.432533
x_1.547000,-16.937796,-24.069899,38.683908
x_1.548000,-17.051652,-24.150968,38.938421
x_1.549000,-17.164957,-24.228281,39.196004
x_1.550000,-17.277661,-24.301726,39.456583
x_1.551000,-17.389710,-24.371195,39.720079
x_1.552000,-17.501050,-24.436580,39.986410
x_1.553000,-17.611628,-24.497773,40.255489
x_1.554000,-17.721388,-24.554666,40.527226
x_1.555000,-17.830274,-24.607156,40.801525
x_1.556000,-17.938230,-24.655138,41.078285
x_1.557000,-18.045196,-24.698509,41.357402
x_1.558000,-18.151116,-24.737170,41.638767
x_1.559000,-18.255930,-24.771023,41.922268
x_1.560000,-18.359579,-24.799970,42.207785
x_1.561000,-18.462003,-24.823920,42.495198
x_1.562000,-18.563140,-24.842780,42.784379
x_1.563000,-18.662931,-24.856463,43.075199
x_1.564000,-18.761313,-24.864884,43.367521
x_1.565000,-18.858224,-24.867962,43.661207
x_1.566000,-18.953604,-24.865617,43.956114
x_1.567000,-19.047388,-24.857777,44.252095
x_1.568000,-19.139515,-24.844370,44.548998
x_1.569000,-19.229922,-24.825331,44.846669
x_1.570000,-19.318547,-24.800597,45.144949
x_1.571000,-19.405327,-24.770111,45.443678
x_1.572000,-19.490200,-24.733821,45.742689
x_1.573000,-19.573102,-24.691678,46.041814
x_1.574000,-19.653973,-24.643641,46.340882
x_1.575000,-19.732751,-24.589672,46.639719
x_1.576000,-19.809375,-24.529740,46.938149
x_1.577000,-19.883783,-24.463818,47.235992
x_1.578000,-19.955916,-24.391886,47.533067
x_1.579000,-20.025714,-24.313931,47.829191
x_1.580000,-20.093119,-24.229944,48.124179
x_1.581000,-20.158073,-24.139922,48.417845
x_1.582000,-20.220520,-24.043872,48.710002
x_1.583000,-20.280402,-23.941803,49.000461
x_1.584000,-20.337666,-23.833733,49.289034
x_1.585000,-20.392259,-23.719687,49.575531
x_1.586000,-20.444127,-23.599695,49.859763
x_1.587000,-20.493220,-23.473794,50.141540
x_1.588000,-20.539489,-23.342029,50.420675
x_1.589000,-20.582886,-23.204452,50.696979
x_1.590000,-20.623364,-23.061121,50.970266
x_1.591000,-20.660880,-22.912099,51.240351
x_1.592000,-20.695389,-22.757459,51.507051
x_1.593000,-20.726852,-22.597279,51.770184
x_1.594000,-20.755230,-22.431645,52.029571
x_1.595000,-20.780486,-22.260647,52.285037
x_1.596000,-20.802584,-22.084384,52.536408
x_1.597000,-20.821493,-21.902960,52.783514
x_1.598000,-20.837181,-21.716487,53.026190
x_1.599000,-20.849622,-21.525081,53.264272
x_1.600000,-20.858788,-21.328865,53.497603
x_1.601000,-20.864657,-21.127968,53.726029
x_1.602000,-20.867207,-20.922524,53.949402
x_1.603000,-20.866421,-20.712672,54.167576
x_1.604000,-20.862282,-20.498558,54.380414
x_1.605000,-20.854778,-20.280332,54.587783
x_1.606000,-20.843897,-20.058148,54.789554
x_1.607000,-20.829632,-19.832165,54.985607
x_1.608000,-20.811977,-19.602546,55.175825
x_1.609000,-20.790930,-19.369458,55.360101
x_1.610000,-20.766490,-19.133072,55.538330
x_1.611000,-20.738662,-18.893562,55.710416
x_1.612000,-20.707449,-18.651105,55.876272
x_1.613000,-20.672862,-18.405880,56.035814
x_1.614000,-20.634910,-18.158070,56.188966
x_1.615000,-20.593608,-17.907859,56.335661
x_1.616000,-20.548972,-17.655433,56.475836
x_1.617000,-20.501022,-17.400978,56.609439
x_1.618000,-20.449778,-17.144683,56.736422
x_1.619000,-20.395267,-16.886737,56.856746
x_1.620000,-20.337515,-16.627330,56.970377
x_1.621000,-20.276552,-16.366650,57.077293
x_1.622000,-20.212409,-16.104888,57.177473
x_1.623000,-20.145123,-15.842231,57.270907
x_1.624000,-20.074730,-15.578868,57.357593
x_1.625000,-20.001269,-15.314984,57.437532
x_1.626000,-19.924783,-15.050766,57.510735
x_1.627000,-19.845315,-14.786396,57.577219
x_1.628000,-19.762913,-14.522056,57.637008
x_1.629000,-19.677625,-14.257923,57.690131
x_1.630000,-19.589500,-13.994175,57.736624
x_1.631000,-19.498592,-13.730984,57.776531
x_1.632000,-19.404955,-13.468520,57.809899
x_1.633000,-19.308645,-13.206951,57.836782
x_1.634000,-19.209720,-12.946438,57.857242
x_1.635000,-19.108240,-12.687142,57.871342
x_1.636000,-19.004266,-12.429218,57.879153
x_1.637000,-18.897860,-12.172816,57.880751
x_1.638000,-18.789086,-11.918083,57.876215
x_1.639000,-18.678010,-11.665161,57.865630
x_1.640000,-18.564697,-11.414189,57.849084
x_1.641000,-18.449216,-11.165298,57.826671
x_1.642000,-18.331635,-10.918616,57.798486
x_1.643000,-18.212023,-10.674266,57.764629
x_1.644000,-18.090450,-10.432366,57.725203
x_1.645000,-17.966988,-10.193029,57.680315
x_1.646000,-17.841707,-9.956361,57.630074
x_1.647000,-17.714681,-9.722465,57.574589
x_1.648000,-17.585981,-9.491438,57.513976
x_1.649000,-17.455680,-9.263371,57.448349
x_1.650000,-17.323851,-9.038350,57.377825
x_1.651000,-17.190568,-8.816457,57.302524
x_1.652000,-17.055904,-8.597767,57.222565
x_1.653000,-16.919932,-8.382350,57.138069
x_1.654000,-16.782726,-8.170273,57.049159
x_1.655000,-16.644358,-7.961594,56.955956
x_1.656000,-16.504902,-7.756368,56.858583
x_1.657000,-16.364429,-7.554647,56.757164
x_1.658000,-16.223012,-7.356475,56.651822
x_1.659000,-16.080724,-7.161892,56.542679
x_1.660000,-15.937633,-6.970933,56.429858
x_1.661000,-15.793813,-6.783629,56.313481
x_1.662000,-15.649331,-6.600008,56.193669
x_1.663000,-15.504257,-6.420089,56.070543
x_1.664000,-15.358660,-6.243891,55.944222
x_1.665000,-15.212607,-6.071428,55.814824
x_1.666000,-15.066164,-5.902708,55.682467
x_1.667000,-14.919398,-5.737736,55.547265
x_1.668000,-14.772373,-5.576514,55.409333
x_1.669000,-14.625152,-5.419040,55.268784
x_1.670000,-14.477798,-5.265309,55.125728
x_1.671000,-14.330372,-5.115310,54.980275
x_1.672000,-14.182936,-4.969031,54.832530
x_1.673000,-14.035547,-4.826458,54.682600
x_1.674000,-13.888264,-4.687570,54.530587
x_1.675000,-13.741143,-4.552348,54.376593
x_1.676000,-13.594241,-4.420767,54.220716
x_1.677000,-13.447610,-4.292800,54.063053
x_1.678000,-13.301304,-4.168419,53.903699
x_1.679000,-13.155375,-4.047591,53.742745
x_1.680000,-13.009872,-3.930284,53.580281
x_1.681000,-12.864844,-3.816462,53.416396
x_1.682000,-12.720339,-3.706087,53.251175
x_1.683000,-12.576403,-3.599121,53.084700
x_1.684000,-12.433081,-3.495522,52.917052
x_1.685000,-12.290415,-3.395248,52.748309
x_1.686000,-12.148449,-3.298257,52.578548
x_1.687000,-12.007222,-3.204502,52.407842
x_1.688000,-11.866775,-3.113937,52.236263
x_1.689000,-11.727144,-3.026516,52.063880
x_1.690000,-11.588367,-2.942189,51.890759
x_1.691000,-11.450478,-2.860909,51.716965
x_1.692000,-11.313511,-2.782626,51.542561
x_1.693000,-11.177500,-2.707289,51.367607
x_1.694000,-11.042475,-2.634847,51.192161
x_1.695000,-10.908466,-2.565248,51.016278
x_1.696000,-10.775501,-2.498442,50.840014
x_1.697000,-10.643609,-2.434376,50.663419
x_1.698000,-10.512814,-2.372997,50.486544
x_1.699000,-10.383143,-2.314254,50.309436
x_1.700000,-10.254618,-2.258094,50.132142
x_1.701000,-10.127261,-2.204464,49.954705
x_1.702000,-10.001095,-2.153313,49.777168
x_1.703000,-9.876139,-2.104586,49.599572
x_1.704000,-9.752411,-2.058234,49.421955
x_1.705000,-9.629931,-2.014203,49.244354
x_1.706000,-9.508713,-1.972443,49.066805
x_1.707000,-9.388775,-1.932901,48.889341
x_1.708000,-9.270130,-1.895528,48.711996
x_1.709000,-9.152792,-1.860272,48.534799
x_1.710000,-9.036773,-1.827084,48.357780
x_1.711000,-8.922086,-1.795915,48.180968
x_1.712000,-8.808739,-1.766714,48.004388
x_1.713000,-8.696744,-1.739435,47.828066
x_1.714000,-8.586108,-1.714030,47.652026
x_1.715000,-8.476840,-1.690451,47.476291
x_1.716000,-8.368946,-1.668651,47.300882
x_1.717000,-8.262432,-1.648586,47.125820
x_1.718000,-8.157304,-1.630210,46.951124
x_1.719000,-8.053567,-1.613479,46.776813
x_1.720000,-7.951223,-1.598350,46.602904
x_1.721000,-7.850276,-1.584778,46.429413
x_1.722000,-7.750727,-1.572724,46.256356
x_1.723000,-7.652580,-1.562144,46.083746
x_1.724000,-7.555834,-1.552999,45.911599
x_1.725000,-7.460489,-1.545249,45.739926
x_1.726000,-7.366546,-1.538855,45.568740
x_1.727000,-7.274003,-1.533780,45.398052
x_1.728000,-7.182858,-1.529985,45.227872
x_1.729000,-7.093110,-1.527434,45.058211
x_1.730000,-7.004755,-1.526092,44.889078
x_1.731000,-6.917791,-1.525924,44.720481
x_1.732000,-6.832214,-1.526896,44.552429
x_1.733000,-6.748020,-1.528975,44.384928
x_1.734000,-6.665203,-1.532129,44.217987
x_1.735000,-6.583760,-1.536325,44.051611
x_1.736000,-6.503684,-1.541534,43.885805
x_1.737000,-6.424969,-1.547725,43.720577
x_1.738000,-6.347610,-1.554870,43.555931
x_1.739000,-6.271599,-1.562939,43.391871
x_1.740000,-6.196930,-1.571906,43.228401
x_1.741000,-6.123596,-1.581743,43.065527
x_1.742000,-6.051588,-1.592426,42.903250
x_1.743000,-5.980900,-1.603927,42.741575
x_1.744000,-5.911522,-1.616225,42.580504
x_1.745000,-5.843447,-1.629293,42.420041
x_1.746000,-5.776667,-1.643110,42.260186
x_1.747000,-5.711171,-1.657654,42.100943
x_1.748000,-5.646951,-1.672902,41.942313
x_1.749000,-5.583998,-1.688834,41.784299
x_1.750000,-5.522303,-1.705431,41.626900
x_1.751000,-5.461855,-1.722672,41.470120
x_1.752000,-5.402645,-1.740538,41.313958
x_1.753000,-5.344664,-1.759013,41.158415
x_1.754000,-5.287901,-1.778079,41.003493
x_1.755000,-5.232346,-1.797718,40.849192
x_1.756000,-5.177990,-1.817915,40.695512
x_1.757000,-5.124821,-1.838654,40.542454
x_1.758000,-5.072829,-1.859921,40.390018
x_1.759000,-5.022004,-1.881701,40.238204
x_1.760000,-4.972336,-1.903981,40.087013
x_1.761000,-4.923813,-1.926747,39.936443
x_1.762000,-4.876426,-1.949987,39.786495
x_1.763000,-4.830164,-1.973690,39.637169
x_1.764000,-4.785015,-1.997843,39.488464
x_1.765000,-4.740971,-2.022436,39.340380
x_1.766000,-4.698019,-2.047459,39.192917
x_1.767000,-4.656149,-2.072901,39.046075
x_1.768000,-4.615351,-2.098755,38.899852
x_1.769000,-4.575614,-2.125010,38.754249
x_1.770000,-4.536928,-2.151658,38.609264
x_1.771000,-4.499282,-2.178692,38.464898
x_1.772000,-4.462666,-2.206105,38.321150
x_1.773000,-4.427069,-2.233889,38.178019
x_1.774000,-4.392481,-2.262038,38.035505
x_1.775000,-4.358891,-2.290546,37.893607
x_1.776000,-4.326290,-2.319407,37.752324
x_1.777000,-4.294668,-2.348616,37.611657
x_1.778000,-4.264013,-2.378169,37.471604
x_1.779000,-4.234317,-2.408061,37.332165
x_1.780000,-4.205570,-2.438288,37.193340
x_1.781000,-4.177761,-2.468846,37.055127
x_1.782000,-4.150881,-2.499733,36.917527
x_1.783000,-4.124921,-2.530945,36.780539
x_1.784000,-4.099871,-2.562479,36.644162
x_1.785000,-4.075722,-2.594335,36.508397
x_1.786000,-4.052464,-2.626509,36.373243
x_1.787000,-4.030088,-2.659001,36.238699
x_1.788000,-4.008586,-2.691808,36.104765
x_1.789000,-3.987948,-2.724931,35.971441
x_1.790000,-3.968166,-2.758369,35.838727
x_1.791000,-3.949232,-2.792121,35.706623
x_1.792000,-3.931136,-2.826188,35.575128
x_1.793000,-3.913871,-2.860570,35.444242
x_1.794000,-3.897428,-2.895267,35.313965
x_1.795000,-3.881799,-2.930281,35.184298
x_1.796000,-3.866977,-2.965612,35.055241
x_1.797000,-3.852953,-3.001263,34.926792
x_1.798000,-3.839720,-3.037234,34.798954
x_1.799000,-3.827271,-3.073527,34.671725
x_1.800000,-3.815598,-3.110146,34.545106
x_1.801000,-3.804694,-3.147091,34.419098
x_1.802000,-3.794552,-3.184367,34.293701
x_1.803000,-3.785166,-3.221975,34.168915
x_1.804000,-3.776528,-3.259919,34.044742
x_1.805000,-3.768632,-3.298202,33.921180
x_1.806000,-3.761472,-3.336827,33.798232
x_1.807000,-3.755041,-3.375800,33.675897
x_1.808000,-3.749334,-3.415122,33.554177
x_1.809000,-3.744345,-3.454799,33.433073
x_1.810000,-3.740067,-3.494835,33.312585
x_1.811000,-3.736495,-3.535235,33.192715
x_1.812000,-3.733625,-3.576002,33.073462
x_1.813000,-3.731450,-3.617143,32.954830
x_1.814000,-3.729965,-3.658661,32.836819
x_1.815000,-3.729166,-3.700564,32.719429
x_1.816000,-3.729048,-3.742855,32.602664
x_1.817000,-3.729607,-3.785540,32.486523
x_1.818000,-3.730837,-3.828626,32.371009
x_1.819000,-3.732735,-3.872118,32.256124
x_1.820000,-3.735296,-3.916023,32.141868
x_1.821000,-3.738517,-3.960346,32.028244
x_1.822000,-3.742393,-4.005095,31.915254
x_1.823000,-3.746922,-4.050275,31.802900
x_1.824000,-3.752099,-4.095894,31.691184
x_1.825000,-3.757922,-4.141957,31.580108
x_1.826000,-3.764387,-4.188474,31.469674
x_1.827000,-3.771492,-4.235450,31.359885
x_1.828000,-3.779233,-4.282893,31.250744
x_1.829000,-3.787608,-4.330810,31.142252
x_1.830000,-3.796615,-4.379209,31.034414
x_1.831000,-3.806251,-4.428098,30.927230
x_1.832000,-3.816513,-4.477484,30.820706
x_1.833000,-3.827401,-4.527376,30.714843
x_1.834000,-3.838912,-4.577782,30.609644
x_1.835000,-3.851044,-4.628710,30.505114
x_1.836000,-3.863797,-4.680169,30.401255
x_1.837000,-3.877168,-4.732166,30.298072
x_1.838000,-3.891156,-4.784711,30.195567
x_1.839000,-3.905761,-4.837812,30.093744
x_1.840000,-3.920982,-4.891479,29.992609
x_1.841000,-3.936817,-4.945720,29.892164
x_1.842000,-3.953266,-5.000544,29.792414
x_1.843000,-3.970330,-5.055961,29.693363
x_1.844000,-3.988007,-5.111980,29.595016
x_1.845000,-4.006297,-5.168611,29.497378
x_1.846000,-4.025201,-5.225862,29.400453
x_1.847000,-4.044718,-5.283745,29.304246
x_1.848000,-4.064850,-5.342268,29.208763
x_1.849000,-4.085596,-5.401442,29.114009
x_1.850000,-4.106957,-5.461276,29.019989
x_1.851000,-4.128934,-5.521781,28.926709
x_1.852000,-4.151528,-5.582967,28.834175
x_1.853000,-4.174741,-5.644844,28.742393
x_1.854000,-4.198572,-5.707423,28.651370
x_1.855000,-4.223024,-5.770715,28.561111
x_1.856000,-4.248099,-5.834729,28.471623
x_1.857000,-4.273797,-5.899477,28.382913
x_1.858000,-4.300121,-5.964970,28.294988
x_1.859000,-4.327073,-6.031218,28.207856
x_1.860000,-4.354655,-6.098233,28.121523
x_1.861000,-4.382868,-6.166025,28.035998
x_1.862000,-4.411716,-6.234606,27.951287
x_1.863000,-4.441202,-6.303988,27.867401
x_1.864000,-4.471326,-6.374181,27.784346
x_1.865000,-4.502094,-6.445197,27.702131
x_1.866000,-4.533507,-6.517048,27.620765
x_1.867000,-4.565568,-6.589745,27.540258
x_1.868000,-4.598281,-6.663299,27.460618
x_1.869000,-4.631650,-6.737724,27.381856
x_1.870000,-4.665677,-6.813030,27.303980
x_1.871000,-4.700366,-6.889230,27.227002
x_1.872000,-4.735722,-6.966335,27.150932
x_1.873000,-4.771747,-7.044357,27.075780
x_1.874000,-4.808447,-7.123310,27.001557
x_1.875000,-4.845824,-7.203204,26.928275
x_1.876000,-4.883884,-7.284052,26.855946
x_1.877000,-4.922631,-7.365867,26.784580
x_1.878000,-4.962070,-7.448660,26.714192
x_1.879000,-5.002204,-7.532445,26.644793
x_1.880000,-5.043039,-7.617232,26.576396
x_1.881000,-5.084580,-7.703036,26.509014
x_1.882000,-5.126831,-7.789868,26.442662
x_1.883000,-5.169799,-7.877741,26.377352
x_1.884000,-5.213487,-7.966668,26.313100
x_1.885000,-5.257902,-8.056660,26.249921
x_1.886000,-5.303049,-8.147731,26.187828
x_1.887000,-5.348934,-8.239892,26.126839
x_1.888000,-5.395562,-8.333158,26.066968
x_1.889000,-5.442939,-8.427539,26.008233
x_1.890000,-5.491071,-8.523049,25.950649
x_1.891000,-5.539964,-8.619700,25.894235
x_1.892000,-5.589625,-8.717504,25.839007
x_1.893000,-5.640058,-8.816474,25.784984
x_1.894000,-5.691272,-8.916623,25.732184
x_1.895000,-5.743272,-9.017962,25.680627
x_1.896000,-5.796064,-9.120504,25.630331
x_1.897000,-5.849656,-9.224261,25.581317
x_1.898000,-5.904054,-9.329245,25.533605
x_1.899000,-5.959264,-9.435467,25.487216
x_1.900000,-6.015295,-9.542941,25.442171
x_1.901000,-6.072151,-9.651678,25.398493
x_1.902000,-6.129842,-9.761688,25.356204
x_1.903000,-6.188373,-9.872985,25.315326
x_1.904000,-6.247752,-9.985578,25.275884
x_1.905000,-6.307986,-10.099480,25.237902
x_1.906000,-6.369082,-10.214701,25.201404
x_1.907000,-6.431048,-10.331252,25.166416
x_1.908000,-6.493891,-10.449144,25.132963
x_1.909000,-6.557619,-10.568386,25.101072
x_1.910000,-6.622238,-10.688989,25.070771
x_1.911000,-6.687757,-10.810963,25.042086
x_1.912000,-6.754183,-10.934318,25.015046
x_1.913000,-6.821524,-11.059062,24.989680
x_1.914000,-6.889787,-11.185204,24.966018
x_1.915000,-6.958980,-11.312754,24.944089
x_1.916000,-7.029110,-11.441719,24.923926
x_1.917000,-7.100186,-11.572107,24.905559
x_1.918000,-7.172214,-11.703926,24.889020
x_1.919000,-7.245203,-11.837182,24.874344
x_1.920000,-7.319160,-11.971882,24.861563
x_1.921000,-7.394093,-12.108033,24.850711
x_1.922000,-7.470009,-12.245639,24.841825
x_1.923000,-7.546916,-12.384707,24.834939
x_1.924000,-7.624821,-12.525240,24.830090
x_1.925000,-7.703731,-12.667241,24.827316
x_1.926000,-7.783655,-12.810716,24.826654
x_1.927000,-7.864600,-12.955666,24.828144
x_1.928000,-7.946572,-13.102092,24.831825
x_1.929000,-8.029579,-13.249997,24.837737
x_1.930000,-8.113628,-13.399381,24.845920
x_1.931000,-8.198725,-13.550244,24.856418
x_1.932000,-8.284878,-13.702584,24.869273
x_1.933000,-8.372094,-13.856399,24.884527
x_1.934000,-8.460378,-14.011687,24.902226
x_1.935000,-8.549738,-14.168444,24.922413
x_1.936000,-8.640179,-14.326665,24.945135
x_1.937000,-8.731707,-14.486344,24.970437
x_1.938000,-8.824329,-14.647474,24.998368
x_1.939000,-8.918050,-14.810048,25.028975
x_1.940000,-9.012875,-14.974056,25.062306
x_1.941000,-9.108809,-15.139488,25.098411
x_1.942000,-9.205858,-15.306332,25.137341
x_1.943000,-9.304026,-15.474576,25.179146
x_1.944000,-9.403317,-15.644206,25.223877
x_1.945000,-9.503736,-15.815205,25.271587
x_1.946000,-9.605285,-15.987557,25.322329
x_1.947000,-9.707970,-16.161243,25.376156
x_1.948000,-9.811791,-16.336243,25.433124
x_1.949000,-9.916753,-16.512535,25.493285
x_1.950000,-10.022857,-16.690096,25.556697
x_1.951000,-10.130105,-16.868901,25.623416
x_1.952000,-10.238499,-17.048922,25.693497
x_1.953000,-10.348039,-17.230132,25.766997
x_1.954000,-10.458726,-17.412499,25.843976
x_1.955000,-10.570559,-17.595991,25.924490
x_1.956000,-10.683539,-17.780573,26.008599
x_1.957000,-10.797664,-17.966208,26.096360
x_1.958000,-10.912932,-18.152858,26.187834
x_1.959000,-11.029341,-18.340480,26.283079
x_1.960000,-11.146887,-18.529032,26.382156
x_1.961000,-11.265568,-18.718469,26.485124
x_1.962000,-11.385379,-18.908740,26.592043
x_1.963000,-11.506314,-19.099797,26.702974
x_1.964000,-11.628368,-19.291585,26.817976
x_1.965000,-11.751534,-19.484049,26.937109
x_1.966000,-11.875806,-19.677130,27.060434
x_1.967000,-12.001174,-19.870768,27.188009
x_1.968000,-12.127630,-20.064897,27.319895
x_1.969000,-12.255163,-20.259451,27.456149
x_1.970000,-12.383763,-20.454359,27.596830
x_1.971000,-12.513418,-20.649550,27.741997
x_1.972000,-12.644115,-20.844948,27.891706
x_1.973000,-12.775840,-21.040472,28.046014
x_1.974000,-12.908578,-21.236042,28.204976
x_1.975000,-13.042313,-21.431571,28.368646
x_1.976000,-13.177028,-21.626971,28.537079
x_1.977000,-13.312705,-21.822150,28.710325
x_1.978000,-13.449324,-22.017014,28.888437
x_1.979000,-13.586864,-22.211462,29.071462
x_1.980000,-13.725303,-22.405394,29.259449
x_1.981000,-13.864619,-22.598703,29.452443
x_1.982000,-14.004786,-22.791282,29.650488
x_1.983000,-14.145778,-22.983016,29.853627
x_1.984000,-14.287568,-23.173791,30.061897
x_1.985000,-14.430127,-23.363486,30.275338
x_1.986000,-14.573425,-23.551980,30.493982
x_1.987000,-14.717430,-23.739144,30.717862
x_1.988000,-14.862109,-23.924850,30.947006
x_1.989000,-15.007426,-24.108964,31.181441
x_1.990000,-15.153345,-24.291348,31.421189
x_1.991000,-15.299829,-24.471863,31.666268
x_1.992000,-15.446837,-24.650363,31.916694
x_1.993000,-15.594328,-24.826704,32.172478
x_1.994000,-15.742258,-25.000733,32.433627
x_1.995000,-15.890584,-25.172297,32.700145
x_1.996000,-16.039257,-25.341239,32.972030
x_1.997000,-16.188231,-25.507400,33.249275
x_1.998000,-16.337454,-25.670616,33.531870
x_1.999000,-16.486874,-25.830723,33.819799
x_2.000000,-16.636438,-25.987551,34.113040
x_2.001000,-16.786091,-26.140931,34.411565
x_2.002000,-16.935774,-26.290688,34.715343
x_2.003000,-17.085428,-26.436648,35.024335
x_2.004000,-17.234992,-26.578633,35.338495
x_2.005000,-17.384403,-26.716463,35.657774
x_2.006000,-17.533596,-26.849957,35.982113
x_2.007000,-17.682504,-26.978934,36.311447
x_2.008000,-17.831059,-27.103209,36.645706
x_2.009000,-17.979189,-27.222597,36.984812
x_2.010000,-18.126823,-27.336915,37.328678
x_2.011000,-18.273887,-27.445975,37.677213
x_2.012000,-18.420305,-27.549592,38.030315
x_2.013000,-18.565998,-27.647581,38.387877
x_2.014000,-18.710889,-27.739757,38.749782
x_2.015000,-18.854895,-27.825935,39.115907
x_2.016000,-18.997934,-27.905932,39.486120
x_2.017000,-19.139922,-27.979568,39.860280
x_2.018000,-19.280774,-28.046661,40.238240
x_2.019000,-19.420401,-28.107036,40.619843
x_2.020000,-19.558716,-28.160518,41.004925
x_2.021000,-19.695629,-28.206936,41.393312
x_2.022000,-19.831048,-28.246121,41.784823
x_2.023000,-19.964880,-28.277910,42.179269
x_2.024000,-20.097033,-28.302144,42.576452
x_2.025000,-20.227412,-28.318668,42.976166
x_2.026000,-20.355921,-28.327332,43.378197
x_2.027000,-20.482465,-28.327993,43.782323
x_2.028000,-20.606946,-28.320513,44.188315
x_2.029000,-20.729267,-28.304762,44.595935
x_2.030000,-20.849329,-28.280615,45.004938
x_2.031000,-20.967035,-28.247957,45.415074
x_2.032000,-21.082286,-28.206679,45.826082
x_2.033000,-21.194983,-28.156681,46.237698
x_2.034000,-21.305027,-28.097871,46.649650
x_2.035000,-21.412321,-28.030167,47.061659
x_2.036000,-21.516766,-27.953498,47.473443
x_2.037000,-21.618264,-27.867800,47.884712
x_2.038000,-21.716719,-27.773022,48.295174
x_2.039000,-21.812034,-27.669122,48.704529
x_2.040000,-21.904114,-27.556069,49.112476
x_2.041000,-21.992865,-27.433845,49.518709
x_2.042000,-22.078194,-27.302442,49.922920
x_2.043000,-22.160011,-27.161865,50.324799
x_2.044000,-22.238224,-27.012131,50.724032
x_2.045000,-22.312747,-26.853268,51.120306
x_2.046000,-22.383493,-26.685318,51.513305
x_2.047000,-22.450378,-26.508336,51.902715
x_2.048000,-22.513320,-26.322389,52.288223
x_2.049000,-22.572242,-26.127556,52.669514
x_2.050000,-22.627065,-25.923931,53.046279
x_2.051000,-22.677717,-25.711618,53.418207
x_2.052000,-22.724127,-25.490738,53.784993
x_2.053000,-22.766227,-25.261420,54.146336
x_2.054000,-22.803952,-25.023810,54.501939
x_2.055000,-22.837243,-24.778063,54.851508
x_2.056000,-22.866040,-24.524350,55.194757
x_2.057000,-22.890291,-24.262850,55.531407
x_2.058000,-22.909946,-23.993756,55.861184
x_2.059000,-22.924959,-23.717274,56.183822
x_2.060000,-22.935287,-23.433618,56.499064
x_2.061000,-22.940893,-23.143015,56.806661
x_2.062000,-22.941744,-22.845702,57.106375
x_2.063000,-22.937811,-22.541925,57.397976
x_2.064000,-22.929069,-22.231940,57.681245
x_2.065000,-22.915497,-21.916012,57.955974
x_2.066000,-22.897081,-21.594415,58.221966
x_2.067000,-22.873809,-21.267430,58.479037
x_2.068000,-22.845675,-20.935344,58.727013
x_2.069000,-22.812679,-20.598453,58.965733
x_2.070000,-22.774822,-20.257056,59.195051
x_2.071000,-22.732113,-19.911462,59.414832
x_2.072000,-22.684566,-19.561979,59.624954
x_2.073000,-22.632197,-19.208922,59.825309
x_2.074000,-22.575030,-18.852608,60.015802
x_2.075000,-22.513090,-18.493359,60.196354
x_2.076000,-22.446409,-18.131495,60.366897
x_2.077000,-22.375025,-17.767341,60.527377
x_2.078000,-22.298978,-17.401218,60.677756
x_2.079000,-22.218313,-17.033450,60.818008
x_2.080000,-22.133080,-16.664359,60.948119
x_2.081000,-22.043332,-16.294266,61.068092
x_2.082000,-21.949130,-15.923487,61.177941
x_2.083000,-21.850533,-15.552340,61.277694
x_2.084000,-21.747610,-15.181133,61.367389
x_2.085000,-21.640430,-14.810176,61.447081
x_2.086000,-21.529067,-14.439769,61.516833
x_2.087000,-21.413599,-14.070210,61.576723
x_2.088000,-21.294106,-13.701790,61.626838
x_2.089000,-21.170674,-13.334793,61.667278
x_2.090000,-21.043388,-12.969497,61.698151
x_2.091000,-20.912340,-12.606171,61.719579
x_2.092000,-20.777622,-12.245079,61.731689
x_2.093000,-20.639331,-11.886475,61.734620
x_2.094000,-20.497564,-11.530604,61.728520
x_2.095000,-20.352422,-11.177704,61.713543
x_2.096000,-20.204007,-10.828001,61.689854
x_2.097000,-20.052425,-10.481715,61.657620
x_2.098000,-19.897780,-10.139054,61.617020
x_2.099000,-19.740182,-9.800218,61.568235
x_2.100000,-19.579738,-9.465395,61.511454
x_2.101000,-19.416560,-9.134765,61.446869
x_2.102000,-19.250758,-8.808497,61.374677
x_2.103000,-19.082445,-8.486750,61.295079
x_2.104000,-18.911733,-8.169672,61.208281
x_2.105000,-18.738737,-7.857402,61.114488
x_2.106000,-18.563568,-7.550068,61.013910
x_2.107000,-18.386342,-7.247789,60.906760
x_2.108000,-18.207173,-6.950672,60.793248
x_2.109000,-18.026172,-6.658818,60.673589
x_2.110000,-17.843455,-6.372313,60.547997
x_2.111000,-17.659133,-6.091238,60.416684
x_2.112000,-17.473320,-5.815662,60.279866
x_2.113000,-17.286125,-5.545645,60.137754
x_2.114000,-17.097661,-5.281240,59.990560
x_2.115000,-16.908036,-5.022489,59.838493
x_2.116000,-16.717359,-4.769425,59.681762
x_2.117000,-16.525738,-4.522076,59.520571
x_2.118000,-16.333277,-4.280460,59.355126
x_2.119000,-16.140082,-4.044585,59.185625
x_2.120000,-15.946255,-3.814456,59.012266
x_2.121000,-15.751898,-3.590067,58.835243
x_2.122000,-15.557110,-3.371408,58.654747
x_2.123000,-15.361988,-3.158461,58.470966
x_2.124000,-15.166628,-2.951201,58.284081
x_2.125000,-14.971125,-2.749598,58.094271
x_2.126000,-14.775570,-2.553617,57.901713
x_2.127000,-14.580052,-2.363216,57.706576
x_2.128000,-14.384660,-2.178349,57.509027
x_2.129000,-14.189478,-1.998965,57.309227
x_2.130000,-13.994591,-1.825009,57.107333
x_2.131000,-13.800078,-1.656420,56.903499
x_2.132000,-13.606020,-1.493136,56.697871
x_2.133000,-13.412491,-1.335088,56.490594
x_2.134000,-13.219567,-1.182206,56.281806
x_2.135000,-13.027319,-1.034417,56.071640
x_2.136000,-12.835817,-0.891644,55.860226
x_2.137000,-12.645128,-0.753807,55.647689
x_2.138000,-12.455316,-0.620826,55.434148
x_2.139000,-12.266444,-0.492616,55.219718
x_2.140000,-12.078573,-0.369093,55.004511
x_2.141000,-11.891760,-0.250168,54.788633
x_2.142000,-11.706060,-0.135755,54.572185
x_2.143000,-11.521527,-0.025762,54.355266
x_2.144000,-11.338212,0.079901,54.137967
x_2.145000,-11.156164,0.181326,53.920379
x_2.146000,-10.975428,0.278604,53.702586
x_2.147000,-10.796049,0.371829,53.484669
x_2.148000,-10.618069,0.461093,53.266705
x_2.149000,-10.441529,0.546490,53.048767
x_2.150000,-10.266465,0.628114,52.830925
x_2.151000,-10.092914,0.706057,52.613244
x_2.152000,-9.920909,0.780413,52.395787
x_2.153000,-9.750482,0.851273,52.178612
x_2.154000,-9.581662,0.918730,51.961776
x_2.155000,-9.414478,0.982877,51.745329
x_2.156000,-9.248955,1.043802,51.529322
x_2.157000,-9.085118,1.101598,51.313801
x_2.158000,-8.922987,1.156352,51.098810
x_2.159000,-8.762585,1.208154,50.884388
x_2.160000,-8.603930,1.257090,50.670574
x_2.161000,-8.447038,1.303246,50.457403
x_2.162000,-8.291925,1.346709,50.244908
x_2.163000,-8.138606,1.387561,50.033120
x_2.164000,-7.987092,1.425886,49.822066
x_2.165000,-7.837394,1.461765,49.611774
x_2.166000,-7.689522,1.495278,49.402267
x_2.167000,-7.543483,1.526503,49.193567
x_2.168000,-7.399284,1.555519,48.985694
x_2.169000,-7.256931,1.582400,48.778668
x_2.170000,-7.116427,1.607222,48.572504
x_2.171000,-6.977775,1.630056,48.367217
x_2.172000,-6.840976,1.650976,48.162822
x_2.173000,-6.706032,1.670051,47.959330
x_2.174000,-6.572941,1.687350,47.756752
x_2.175000,-6.441702,1.702939,47.555097
x_2.176000,-6.312312,1.716884,47.354374
x_2.177000,-6.184766,1.729249,47.154589
x_2.178000,-6.059062,1.740097,46.955749
x_2.179000,-5.935191,1.749489,46.757858
x_2.180000,-5.813149,1.757484,46.560920
x_2.181000,-5.692929,1.764141,46.364938
x_2.182000,-5.574520,1.769515,46.169915
x_2.183000,-5.457916,1.773663,45.975851
x_2.184000,-5.343107,1.776638,45.782747
x_2.185000,-5.230081,1.778492,45.590603
x_2.186000,-5.118828,1.779276,45.399419
x_2.187000,-5.009338,1.779039,45.209192
x_2.188000,-4.901596,1.777829,45.019921
x_2.189000,-4.795592,1.775694,44.831603
x_2.190000,-4.691311,1.772677,44.644236
x_2.191000,-4.588739,1.768825,44.457816
x_2.192000,-4.487864,1.764178,44.272339
x_2.193000,-4.388669,1.758779,44.087801
x_2.194000,-4.291140,1.752667,43.904197
x_2.195000,-4.195262,1.745882,43.721524
x_2.196000,-4.101018,1.738460,43.539775
x_2.197000,-4.008393,1.730440,43.358945
x_2.198000,-3.917370,1.721855,43.179029
x_2.199000,-3.827933,1.712740,43.000020
x_2.200000,-3.740063,1.703129,42.821914
x_2.201000,-3.653745,1.693052,42.644703
x_2.202000,-3.568960,1.682541,42.468382
x_2.203000,-3.485691,1.671626,42.292944
x_2.204000,-3.403920,1.660336,42.118383
x_2.205000,-3.323628,1.648697,41.944692
x_2.206000,-3.244799,1.636738,41.771864
x_2.207000,-3.167413,1.624483,41.599893
x_2.208000,-3.091452,1.611958,41.428772
x_2.209000,-3.016898,1.599186,41.258494
x_2.210000,-2.943731,1.586191,41.089052
x_2.211000,-2.871934,1.572996,40.920440
x_2.212000,-2.801487,1.559620,40.752651
x_2.213000,-2.732372,1.546085,40.585678
x_2.214000,-2.664570,1.532411,40.419515
x_2.215000,-2.598063,1.518617,40.254154
x_2.216000,-2.532830,1.504720,40.089588
x_2.217000,-2.468855,1.490738,39.925812
x_2.218000,-2.406117,1.476689,39.762819
x_2.219000,-2.344599,1.462588,39.600601
x_2.220000,-2.284281,1.448450,39.439153
x_2.221000,-2.225145,1.434291,39.278469
x_2.222000,-2.167173,1.420124,39.118541
x_2.223000,-2.110346,1.405962,38.959363
x_2.224000,-2.054645,1.391820,38.800929
x_2.225000,-2.000053,1.377709,38.643234
x_2.226000,-1.946551,1.363641,38.486271
x_2.227000,-1.894121,1.349627,38.330033
x_2.228000,-1.842745,1.335678,38.174516
x_2.229000,-1.792405,1.321804,38.019712
x_2.230000,-1.743084,1.308014,37.865618
x_2.231000,-1.694764,1.294319,37.712226
x_2.232000,-1.647428,1.280726,37.559531
x_2.233000,-1.601057,1.267245,37.407528
x_2.234000,-1.555636,1.253882,37.256211
x_2.235000,-1.511147,1.240646,37.105575
x_2.236000,-1.467573,1.227544,36.955615
x_2.237000,-1.424898,1.214582,36.806326
x_2.238000,-1.383104,1.201767,36.657701
x_2.239000,-1.342177,1.189104,36.509738
x_2.240000,-1.302098,1.176599,36.362430
x_2.241000,-1.262853,1.164259,36.215773
x_2.242000,-1.224425,1.152086,36.069762
x_2.243000,-1.186799,1.140087,35.924392
x_2.244000,-1.149960,1.128266,35.779659
x_2.245000,-1.113891,1.116626,35.635558
x_2.246000,-1.078578,1.105172,35.492085
x_2.247000,-1.044006,1.093907,35.349236
x_2.248000,-1.010160,1.082834,35.207006
x_2.249000,-0.977025,1.071957,35.065391
x_2.250000,-0.944588,1.061278,34.924387
x_2.251000,-0.912833,1.050801,34.783990
x_2.252000,-0.881747,1.040526,34.644195
x_2.253000,-0.851316,1.030458,34.505000
x_2.254000,-0.821526,1.020597,34.366399
x_2.255000,-0.792363,1.010946,34.228390
x_2.256000,-0.763815,1.001506,34.090969
x_2.257000,-0.735869,0.992278,33.954132
x_2.258000,-0.708510,0.983265,33.817874
x_2.259000,-0.681728,0.974467,33.682194
x_2.260000,-0.655508,0.965885,33.547087
x_2.261000,-0.629839,0.957520,33.412550
x_2.262000,-0.604708,0.949374,33.278579
x_2.263000,-0.580104,0.941446,33.145172
x_2.264000,-0.556015,0.933737,33.012325
x_2.265000,-0.532429,0.926248,32.880034
x_2.266000,-0.509334,0.918978,32.748297
x_2.267000,-0.486719,0.911929,32.617110
x_2.268000,-0.464573,0.905101,32.486471
x_2.269000,-0.442886,0.898492,32.356377
x_2.270000,-0.421645,0.892104,32.226824
x_2.271000,-0.400842,0.885936,32.097809
x_2.272000,-0.380465,0.879989,31.969330
x_2.273000,-0.360504,0.874261,31.841384
x_2.274000,-0.340949,0.868753,31.713968
x_2.275000,-0.321790,0.863464,31.587079
x_2.276000,-0.303018,0.858393,31.460714
x_2.277000,-0.284622,0.853541,31.334872
x_2.278000,-0.266594,0.848907,31.209549
x_2.279000,-0.248923,0.844490,31.084742
x_2.280000,-0.231601,0.840290,30.960449
x_2.281000,-0.214620,0.836307,30.836668
x_2.282000,-0.197969,0.832538,30.713396
x_2.283000,-0.181640,0.828985,30.590631
x_2.284000,-0.165626,0.825645,30.468369
x_2.285000,-0.149917,0.822519,30.346609
x_2.286000,-0.134505,0.819606,30.225349
x_2.287000,-0.119383,0.816905,30.104585
x_2.288000,-0.104541,0.814416,29.984316
x_2.289000,-0.089974,0.812137,29.864540
x_2.290000,-0.075671,0.810068,29.745253
x_2.291000,-0.061627,0.808208,29.626454
x_2.292000,-0.047834,0.806556,29.508141
x_2.293000,-0.034284,0.805112,29.390311
x_2.294000,-0.020971,0.803875,29.272963
x_2.295000,-0.007887,0.802845,29.156093
x_2.296000,0.004975,0.802020,29.039701
x_2.297000,0.017621,0.801399,28.923783
x_2.298000,0.030058,0.800983,28.808338
x_2.299000,0.042292,0.800770,28.693364
x_2.300000,0.054331,0.800761,28.578858
x_2.301000,0.066180,0.800953,28.464819
x_2.302000,0.077846,0.801347,28.351245
x_2.303000,0.089334,0.801942,28.238133
x_2.304000,0.100651,0.802738,28.125482
x_2.305000,0.111803,0.803734,28.013290
x_2.306000,0.122795,0.804929,27.901555
x_2.307000,0.133633,0.806323,27.790275
x_2.308000,0.144323,0.807915,27.679448
x_2.309000,0.154870,0.809706,27.569072
x_2.310000,0.165280,0.811695,27.459146
x_2.311000,0.175557,0.813881,27.349667
x_2.312000,0.185708,0.816264,27.240633
x_2.313000,0.195736,0.818845,27.132044
x_2.314000,0.205649,0.821621,27.023897
x_2.315000,0.215449,0.824595,26.916190
x_2.316000,0.225143,0.827764,26.808922
x_2.317000,0.234735,0.831130,26.702091
x_2.318000,0.244229,0.834693,26.595695
x_2.319000,0.253631,0.838451,26.489733
x_2.320000,0.262945,0.842405,26.384202
x_2.321000,0.272175,0.846556,26.279101
x_2.322000,0.281327,0.850903,26.174429
x_2.323000,0.290403,0.855446,26.070184
x_2.324000,0.299409,0.860187,25.966364
x_2.325000,0.308349,0.865124,25.862968
x_2.326000,0.317228,0.870258,25.759994
x_2.327000,0.326048,0.875590,25.657440
x_2.328000,0.334814,0.881120,25.555304
x_2.329000,0.343531,0.886849,25.453587
x_2.330000,0.352202,0.892776,25.352285
x_2.331000,0.360831,0.898904,25.251397
x_2.332000,0.369421,0.905231,25.150922
x_2.333000,0.377978,0.911759,25.050858
x_2.334000,0.386504,0.918488,24.951203
x_2.335000,0.395003,0.925420,24.851958
x_2.336000,0.403478,0.932555,24.753118
x_2.337000,0.411934,0.939893,24.654685
x_2.338000,0.420374,0.947437,24.556655
x_2.339000,0.428801,0.955186,24.459028
x_2.340000,0.437220,0.963143,24.361801
x_2.341000,0.445632,0.971307,24.264975
x_2.342000,0.454042,0.979681,24.168547
x_2.343000,0.462454,0.988265,24.072516
x_2.344000,0.470869,0.997061,23.976880
x_2.345000,0.479293,1.006070,23.881639
x_2.346000,0.487727,1.015293,23.786791
x_2.347000,0.496176,1.024732,23.692335
x_2.348000,0.504642,1.034389,23.598269
x_2.349000,0.513129,1.044264,23.504592
x_2.350000,0.521640,1.054361,23.411303
x_2.351000,0.530177,1.064679,23.318401
x_2.352000,0.538745,1.075222,23.225885
x_2.353000,0.547345,1.085991,23.133752
x_2.354000,0.555982,1.096988,23.042003
x_2.355000,0.564659,1.108214,22.950636
x_2.356000,0.573377,1.119673,22.859649
x_2.357000,0.582141,1.131365,22.769042
x_2.358000,0.590953,1.143294,22.678814
x_2.359000,0.599817,1.155461,22.588963
x_2.360000,0.608735,1.167869,22.499488
x_2.361000,0.617710,1.180520,22.410388
x_2.362000,0.626746,1.193416,22.321663
x_2.363000,0.635845,1.206561,22.233310
x_2.364000,0.645010,1.219956,22.145330
x_2.365000,0.654244,1.233605,22.057721